3
35.0
15.0
2000.0
4000.0
0.8
10
0 401 608.00000 7798.00000 608.10000 7798.10000
1 402 608.05000 7798.05000 608.15000 7798.15000
2 403 608.20000 7798.20000 608.30000 7798.30000
3 404 608.25000 7798.25000 608.35000 7798.35000
4 405 608.40000 7798.40000 608.50000 7798.50000
5 406 608.45000 7798.45000 608.55000 7798.55000
6 407 608.60000 7798.60000 608.70000 7798.70000
7 408 608.65000 7798.65000 608.75000 7798.75000
8 409 608.80000 7798.80000 608.90000 7798.90000
9 410 608.85000 7798.85000 608.95000 7798.95000