3
55.0
15.0
1800.0
3200.0
0.6
12
0 1701 611.00000 7801.00000 611.50000 7801.50000
1 1702 611.10000 7801.10000 611.60000 7801.60000
2 1703 611.20000 7801.20000 611.70000 7801.70000
3 1704 611.30000 7801.30000 611.80000 7801.80000
4 1705 611.40000 7801.40000 611.90000 7801.90000
5 1706 611.50000 7801.50000 612.00000 7802.00000
6 1707 612.00000 7802.00000 612.50000 7802.50000
7 1708 612.10000 7802.10000 612.60000 7802.60000
8 1709 612.20000 7802.20000 612.70000 7802.70000
9 1710 612.30000 7802.30000 612.80000 7802.80000
10 1711 612.40000 7802.40000 612.90000 7802.90000
11 1712 612.50000 7802.50000 613.00000 7803.00000