3
50.0
45.0
800.0
1500.0
0.3
25
0 201 610.10000 7800.10000 610.20000 7800.20000
1 202 610.15000 7800.15000 610.25000 7800.25000
2 203 610.05000 7800.05000 610.30000 7800.30000
3 204 609.80000 7799.80000 610.00000 7800.00000
4 205 609.85000 7799.85000 610.05000 7800.05000
5 206 609.75000 7799.75000 610.10000 7800.10000
6 207 609.50000 7799.50000 609.60000 7799.60000
7 208 609.55000 7799.55000 609.65000 7799.65000
8 209 609.45000 7799.45000 609.70000 7799.70000
9 210 609.30000 7799.30000 609.40000 7799.40000
10 211 609.35000 7799.35000 609.45000 7799.45000
11 212 609.25000 7799.25000 609.50000 7799.50000
12 213 611.00000 7801.00000 611.10000 7801.10000
13 214 611.05000 7801.05000 611.15000 7801.15000
14 215 610.95000 7800.95000 611.20000 7801.20000
15 216 611.50000 7801.50000 611.60000 7801.60000
16 217 611.55000 7801.55000 611.65000 7801.65000
17 218 611.45000 7801.45000 611.70000 7801.70000
18 219 611.80000 7801.80000 611.90000 7801.90000
19 220 611.85000 7801.85000 611.95000 7801.95000
20 221 611.75000 7801.75000 612.00000 7802.00000
21 222 612.20000 7802.20000 612.30000 7802.30000
22 223 612.25000 7802.25000 612.35000 7802.35000
23 224 612.15000 7802.15000 612.40000 7802.40000
24 225 612.50000 7802.50000 612.60000 7802.60000