5
60.0
10.0
2500.0
4500.0
0.9
10
0 1401 601.50000 7790.50000 602.00000 7791.00000
1 1402 601.60000 7790.60000 602.10000 7791.10000
2 1403 601.70000 7790.70000 602.20000 7791.20000
3 1404 601.80000 7790.80000 602.30000 7791.30000
4 1405 601.90000 7790.90000 602.40000 7791.40000
5 1406 602.00000 7791.00000 602.50000 7791.50000
6 1407 602.10000 7791.10000 602.60000 7791.60000
7 1408 602.20000 7791.20000 602.70000 7791.70000
8 1409 602.30000 7791.30000 602.80000 7791.80000
9 1410 602.40000 7791.40000 602.90000 7791.90000