2
35.0
40.0
700.0
1500.0
0.3
25
0 1501 604.10000 7793.10000 604.20000 7793.20000
1 1502 604.12000 7793.12000 604.22000 7793.22000
2 1503 604.14000 7793.14000 604.24000 7793.24000
3 1504 604.16000 7793.16000 604.26000 7793.26000
4 1505 604.18000 7793.18000 604.28000 7793.28000
5 1506 604.20000 7793.20000 604.30000 7793.30000
6 1507 604.22000 7793.22000 604.32000 7793.32000
7 1508 604.24000 7793.24000 604.34000 7793.34000
8 1509 604.26000 7793.26000 604.36000 7793.36000
9 1510 604.28000 7793.28000 604.38000 7793.38000
10 1511 604.30000 7793.30000 604.40000 7793.40000
11 1512 604.32000 7793.32000 604.42000 7793.42000
12 1513 604.34000 7793.34000 604.44000 7793.44000
13 1514 604.36000 7793.36000 604.46000 7793.46000
14 1515 604.38000 7793.38000 604.48000 7793.48000
15 1516 604.40000 7793.40000 604.50000 7793.50000
16 1517 604.42000 7793.42000 604.52000 7793.52000
17 1518 604.44000 7793.44000 604.54000 7793.54000
18 1519 604.46000 7793.46000 604.56000 7793.56000
19 1520 604.48000 7793.48000 604.58000 7793.58000
20 1521 604.50000 7793.50000 604.60000 7793.60000
21 1522 604.52000 7793.52000 604.62000 7793.62000
22 1523 604.54000 7793.54000 604.64000 7793.64000
23 1524 604.56000 7793.56000 604.66000 7793.66000
24 1525 604.58000 7793.58000 604.68000 7793.68000