100 4 133.65646 -156.99653 101.78976 27.06237
101 7 0.21400 130.27870 106.04357 124.82264
102 8 -160.74269 14.05323 98.74701 30.40782
103 11 -66.01520 -206.44041 -186.60577 -166.76441
104 12 18.15504 -140.37683 98.52235 -145.90041
105 17 -113.54102 42.68799 -74.33298 -35.15209
106 20 58.30811 -184.14110 -165.66160 -47.23677
107 25 181.51103 -131.89221 86.71862 -120.23233
108 27 108.12862 -69.22275 -60.15423 -168.01442
109 31 16.63082 17.39800 30.25659 -93.98008
110 34 78.53811 51.52213 -188.75648 -131.18096
111 36 -45.16775 -92.63198 -29.77469 99.03729
112 39 -103.84063 145.82971 8.94141 -59.24398
113 41 58.73395 29.11961 -134.84490 -107.61343
114 44 107.00652 -15.93958 -88.58951 -77.67402
115 48 -246.22733 -94.86687 51.82170 -133.86283
116 52 -90.55740 215.16981 -70.72459 -77.21347
117 54 -51.10126 -16.82206 52.63591 22.02507
118 57 3.12226 29.36118 108.46010 70.17780
119 59 -118.79517 235.79346 94.82439 84.97404
120 60 54.43237 110.06557 111.09061 -94.10694
121 65 -108.40338 59.65053 126.73476 89.72119
122 70 4.00799 -30.04621 -85.97878 -155.78024
123 73 -146.27253 -29.15063 -36.89219 72.88290
124 77 -117.25555 -129.95055 -166.11285 -2.55280
125 82 178.74272 81.94734 146.64168 -180.28099
126 86 74.88870 -114.52754 -89.36284 -40.58875
127 90 -72.52586 25.37421 -43.35601 126.01144
128 91 -74.37106 37.82529 -27.62717 -122.83544
129 93 85.70267 15.65078 -75.32434 -63.61645
130 95 -7.90869 -162.97318 32.24016 -13.76880
131 99 -24.36913 -169.54192 122.19975 99.86680
132 103 141.12033 -74.05426 108.83261 -91.10137
133 107 -47.19101 -28.81313 -73.48747 -98.93070
134 111 151.21571 -99.10961 20.28967 23.37263
135 116 68.28698 17.36344 129.53420 -142.26372
136 118 -6.50715 -137.11935 -76.36791 55.86310
137 120 -138.00931 -107.39853 -106.91795 68.03335
138 125 85.52419 59.77872 64.45114 -154.34208
139 130 137.87809 -9.37737 -145.62769 -96.18404
140 134 -133.18829 84.03139 -118.34355 106.93657
141 138 -115.08807 0.79871 -9.24764 10.79705
142 142 84.47268 47.17442 -64.87359 -46.66067
143 143 179.65279 152.28414 119.38196 150.27486
144 145 41.05964 -67.95248 -15.67412 -133.22074
145 150 -115.88005 6.27794 -21.05439 -22.31039
146 153 44.86367 99.00426 165.11666 54.81783
147 155 -103.05993 75.38489 -69.53057 -37.96046
148 160 -62.46370 -78.12494 -215.30517 -99.73183
149 161 -65.14536 46.67504 80.40890 47.61476
150 165 148.12821 -123.88314 -37.92966 73.87550
151 167 8.08599 35.76845 60.87696 77.76861
152 170 43.05477 21.33141 23.98625 -49.48439
153 171 -107.56629 76.50956 61.05826 6.74705
154 175 -135.70432 -173.98884 -6.82273 193.20645
155 177 -121.11825 -1.20658 -89.89670 -7.80088
156 180 -38.48698 -111.59272 116.80508 45.44991
157 181 104.91354 116.71381 146.57771 -152.96428
158 186 -196.89919 55.32237 39.07082 116.41454
159 187 53.55752 -71.19404 60.62908 -165.00969
160 191 -129.18099 76.08134 -71.97779 -169.86975
161 194 -188.58344 -131.57670 -72.79422 -33.97556
162 195 -8.33805 28.78169 148.74661 90.31276
163 199 163.09418 -36.34596 22.45871 -43.75338
164 202 82.46015 -18.87404 86.07422 -34.88245
165 204 -102.82512 -103.16338 78.01517 113.86220
166 205 31.78550 -16.87185 11.49600 1.70146
167 209 -69.98628 0.95181 36.03589 -1.69457
168 214 -201.58839 -36.00661 -56.71550 -92.17057
169 219 86.60627 -116.19571 -75.94061 125.21332
170 220 -142.57811 103.03178 101.96598 15.66422
171 222 -3.47661 -62.61506 205.46469 -32.41887
172 226 23.83783 87.10757 -49.37923 -88.15238
173 228 125.05455 -27.29421 -92.09292 -34.44142
174 233 -64.54081 66.56497 -114.44127 -177.83815
175 236 7.18048 -50.14867 -64.97703 -109.71651
176 238 5.22326 -47.18166 -57.75024 35.57337
177 242 -61.38179 141.03287 -201.37054 85.01204
178 245 123.94961 44.21862 -107.54216 82.13899
179 246 16.43404 11.61364 91.79260 -161.93348
180 251 -47.96209 84.38600 45.92030 88.01785
181 255 13.87492 40.20076 -242.85748 -39.87796
182 257 74.76886 -99.11095 -71.02529 -64.36682
183 262 -85.39364 -16.12096 174.16230 47.15463
184 267 38.60112 -27.08615 -5.55846 106.53443
185 271 -0.82587 -30.06687 -96.94634 -39.73935
186 272 56.12139 -95.52998 125.28148 -114.97058
187 273 -91.66886 -110.83621 83.11289 -149.90112
188 278 129.10788 85.91730 -9.62285 100.37939
189 283 146.20767 -113.31124 -20.13752 104.99350
190 285 -86.49968 -188.72063 -95.76938 114.73296
191 288 -98.81574 10.04926 -124.68135 120.77181
192 289 -87.32937 -35.17978 -115.77365 137.43228
193 294 -95.83481 72.92535 -17.97547 -30.75329
194 295 48.46910 -230.00009 -53.14475 -73.40264
195 299 74.70843 -68.89566 17.16200 195.49666
196 303 18.77292 -60.72409 54.46515 60.07524
197 305 -81.35932 110.74774 -111.63134 71.56021
198 307 81.12597 48.17725 -94.16876 -96.64311
199 308 48.32978 -139.47764 -167.61792 59.90186
200 311 -56.79952 -96.35268 -81.80655 -101.73602
201 314 144.17811 -156.98728 -6.81754 3.67532
202 316 160.03780 -130.53548 71.23951 113.66176
203 318 -87.62882 45.46250 125.40917 -138.89903
204 319 -97.36490 -58.67348 116.60781 -126.87736
205 323 -103.60591 51.23686 95.97445 -159.34779
206 326 27.59232 -191.71773 -49.54642 60.48736
207 328 -6.63481 168.70886 103.44091 -24.69797
208 331 -65.47316 136.22860 -62.23512 -107.81705
209 332 -106.57449 -133.63768 -181.74738 -6.03667
210 334 -86.34237 86.56347 -59.50806 43.56946
211 335 -130.17266 182.42604 -55.11244 28.19735
212 339 -162.51898 -105.53828 114.14302 -48.93470
213 344 11.27255 38.37938 145.42351 -64.94563
214 345 44.79471 19.51746 111.53286 110.94800
215 347 -16.18148 116.19088 20.10185 -83.29311
216 348 66.54449 -111.49158 -45.79000 -62.67735
217 351 -14.02696 -170.73977 70.15410 74.66740
218 352 -154.27851 91.14410 -128.51292 -14.29426
219 356 5.64447 -74.42352 -69.44907 107.15106
220 361 -15.52513 226.67817 100.36249 29.60668
221 363 90.16075 -162.03458 115.49708 22.21620
222 365 -20.85950 155.26132 -26.90956 -25.07276
223 367 -152.70109 -113.70362 134.11390 54.99095
224 369 21.66169 59.47540 -13.60529 33.53767
225 373 128.56208 -41.52153 -35.48940 -50.93845
226 377 103.95403 54.47234 -169.43876 30.59344
227 382 -149.22899 -66.25397 -50.87307 -6.67732
228 384 8.69508 -63.86100 67.69224 48.13040
229 389 -4.39339 95.40710 -36.87709 -92.28967
230 394 -15.35585 -139.51281 -19.90090 -66.01713
231 399 147.09408 86.95972 15.08667 -131.32936
232 401 47.48367 134.34050 60.42529 8.87387
233 403 -152.88424 -89.62487 49.75897 -42.86615
234 408 189.09452 -109.11814 69.72467 119.57372
235 413 70.49749 114.72756 -33.99931 -88.01101
236 414 -115.27060 2.45435 8.55822 -52.81910
237 417 -172.01018 46.18917 64.22785 24.72591
238 421 -0.19901 -60.87567 13.21892 18.95851
239 424 -149.90430 105.38058 87.16260 -75.68359
240 429 57.50374 -113.59521 -173.51493 -127.03895
241 431 -72.62003 174.13997 119.14681 -78.77059
242 435 -78.99599 20.75761 -10.55619 -7.84615
243 438 -157.22956 1.13996 -145.11496 2.85530
244 442 68.36898 -119.03683 53.16939 -45.66417
245 446 166.38806 23.20424 -23.95948 68.56978
246 448 -88.92244 208.82002 -8.78905 -97.92939
247 450 56.81032 -97.76903 -254.93371 40.46650
248 452 10.42705 110.83241 63.61711 96.55275
249 455 -148.60152 94.99843 -132.26299 28.66115
250 459 50.50596 -72.72190 178.08376 -28.94814
251 461 52.75854 35.82670 -149.59195 6.98670
252 464 28.95861 -6.35772 -145.00463 -14.39652
253 468 -18.95000 -139.10295 50.28611 75.97820
254 471 172.08798 -161.23334 -134.91418 107.21740
255 476 6.88264 133.52064 -28.38917 -60.04356
256 479 69.80632 162.39853 94.08948 -105.18576
257 483 -86.06876 -90.10585 -46.00019 -2.63941
258 487 103.44433 97.92024 80.30041 91.71925
259 491 -131.89427 12.35163 -8.14846 4.35485
260 496 144.50126 1.84635 -89.98186 -80.25255
261 499 110.22400 -6.60401 108.38799 -82.66925
262 500 163.45414 -15.93284 147.11748 162.22982
263 505 147.01652 108.87879 -93.08639 84.92133
264 506 -95.11530 149.63464 -25.66023 -95.39938
265 508 -65.96249 -65.74125 137.56837 58.63239
266 509 -10.78301 110.06938 -1.81849 220.36184
267 512 -103.33713 -155.08361 -96.73086 -113.23418
268 517 -31.62447 -109.79653 -51.20601 112.20967
269 522 103.30659 129.69227 99.08678 -95.49418
270 526 51.67265 -40.92385 -112.21485 81.86860
271 527 -17.13796 -143.98651 -161.56882 138.13658
272 529 25.27016 -66.98919 -77.23967 108.89553
273 532 155.91783 3.90538 51.23657 18.97721
274 537 124.18644 -130.85538 -112.23332 -27.50427
275 539 -36.91599 -54.06514 74.44759 -9.94267
276 542 -66.61523 42.07612 -82.85225 119.62329
277 546 118.34123 -166.12534 54.46033 4.39556
278 550 -51.30464 16.56296 -127.92830 145.72006
279 551 155.50688 -75.39587 37.02711 -110.99204
280 555 -32.02686 8.01305 -3.98421 65.16383
281 556 1.04666 70.87180 153.11798 -111.86655
282 557 -83.21963 54.88385 -113.64370 36.17961
283 559 -73.37128 29.97364 11.60671 45.09340
284 562 -110.05396 60.35315 143.82602 -94.17142
285 565 55.85296 27.26117 111.57825 125.27333
286 566 152.99531 153.77067 -111.52805 82.53284
287 571 -130.19562 -123.44779 79.07558 -127.96333
288 576 -68.78706 146.97703 -41.65266 99.41324
289 578 -120.66537 86.56834 73.56700 25.14224
290 579 -49.79095 -111.72458 -82.17810 -172.76694
291 584 102.88291 122.95633 60.35294 103.69190
292 589 -66.41712 167.96595 -28.04230 -48.94777
293 591 -28.11670 -158.12737 0.35567 -10.94708
294 595 -4.06089 38.91765 -32.88277 -30.57415
295 599 21.87185 17.41257 -147.10468 -136.90657
296 603 108.58606 73.01648 173.30448 180.50535
297 606 -104.13506 6.91083 -116.61904 80.95769
298 608 160.22443 58.61298 -42.57469 -71.20802
299 610 -93.72678 -25.11360 -121.14888 15.42848
300 611 -129.85957 -111.06471 217.55909 -44.47812
301 613 -90.80061 -55.24361 -81.79987 7.98083
302 618 -134.35594 72.97751 42.33772 -41.70015
303 620 -53.49188 7.87071 -40.54374 97.31558
304 625 79.20243 -60.92933 181.90741 -34.68010
305 628 117.21884 -64.81124 10.87723 95.19048
306 633 152.41299 132.32374 -70.47277 -27.79584
307 636 51.94509 160.80780 56.91731 -106.56224
308 637 -50.79069 124.35795 -47.40819 -50.57519
309 641 -54.84667 -51.23623 106.29222 104.51460
310 642 37.42265 78.65599 96.81651 -80.31642
311 644 -47.01105 87.75534 6.09481 92.74409
312 649 -68.57597 34.74362 -28.19949 -73.76574
313 654 -154.75597 -55.38491 -163.12999 -174.08703
314 656 110.06338 14.52878 -24.38870 82.32234
315 658 30.59222 -124.61874 97.18704 108.38379
316 663 84.26048 -55.34498 -84.67615 -117.33559
317 666 42.69176 -62.18267 41.81819 -170.58302
318 671 24.56493 109.12094 -106.96686 -178.92263
319 675 63.01031 4.33917 -189.36623 2.44038
320 678 -22.60973 -59.63107 -75.15620 35.67635
321 680 -44.55073 53.24135 157.16888 -7.07682
322 683 -10.32666 3.16585 166.43273 121.53744
323 686 -83.07637 33.97271 -146.01191 126.04691
324 687 -78.72037 131.55093 18.89823 55.87881
325 688 -41.92241 -7.58388 -46.30152 -82.33648
326 690 164.84114 38.28563 116.83767 -101.16119
327 692 163.53010 -41.74130 122.13097 -1.13493
328 697 -12.32280 -91.01389 -114.14054 -92.45415
329 701 11.75183 -190.26295 -103.47443 40.23013
330 703 199.41083 206.84949 -20.31600 57.92981
331 708 -53.04686 51.01583 -64.83720 34.27582
332 713 74.37510 -53.01643 -2.79444 164.10599
333 716 -55.62155 -99.36760 -52.87589 93.96278
334 718 -108.05804 -85.12570 24.90031 -152.30497
335 723 -166.45042 87.07201 65.68245 142.02791
336 725 97.32522 -193.07365 -86.12900 32.19233
337 730 -128.64079 176.59755 89.85157 152.99112
338 735 29.55639 -44.59282 -33.08994 149.72096
339 736 -68.76007 111.50410 -97.65731 -15.46539
340 741 -73.27053 -79.06662 -34.23962 30.54729
341 742 -138.83150 89.40686 19.50026 144.19651
342 746 -96.35784 -7.19366 -82.85065 86.26809
343 748 34.93734 80.90841 -38.00442 70.72983
344 749 57.06067 0.08782 -41.11668 -153.09962
345 752 43.90109 -95.75936 93.99021 -3.60707
346 754 -82.13262 -143.42967 -57.38363 -201.21667
347 759 56.51623 106.02042 26.12084 -14.35787
348 764 42.19602 168.95988 -182.94107 -65.72489
349 765 -137.09199 16.32297 -17.63132 -104.09741
350 767 172.61682 64.05261 -152.98104 -22.91845
351 768 47.16566 -36.63232 100.39459 -43.68478
352 769 -54.28059 -112.25847 98.80868 28.56086
353 772 3.37244 -115.53694 104.49083 58.55135
354 776 54.64113 -118.38959 162.40166 67.41522
355 781 -5.20179 -29.70554 101.99097 47.50278
356 784 -34.42726 -32.04973 131.91548 -179.79070
357 787 -57.40672 -99.16198 -167.86179 -58.42424
358 791 128.72351 155.06460 35.83919 -98.94207
359 793 -31.69038 -83.40225 -88.92553 19.94957
360 798 83.35453 106.71689 10.02418 45.43307
361 802 -10.21098 23.09583 -17.92469 -100.04238
362 806 48.97996 2.39877 -88.99438 -29.59878
363 808 -56.89858 205.17295 24.22402 67.45723
364 812 -133.46199 -43.25934 -153.91055 71.69866
365 813 -99.85102 -99.46078 48.60533 122.13592
366 816 -26.01959 -51.78034 -70.86205 16.02518
367 821 -77.91110 -7.99521 -104.82919 20.17887
368 824 23.22572 -114.27593 -137.92359 -89.63981
369 829 66.31775 116.78369 15.47098 -133.49600
370 833 -162.73763 -96.98536 -201.91586 4.57649
371 836 100.42965 -1.59834 113.37849 124.52932
372 839 -207.85640 89.60890 81.67999 -41.35573
373 840 73.56500 19.59025 -51.68280 -128.50333
374 843 -66.28447 -17.56828 44.51558 170.45042
375 848 118.18526 -34.44012 -49.15926 -58.53701
376 850 -51.06162 -54.44574 9.50219 12.54952
377 852 -116.80782 24.45087 101.03953 -90.42282
378 854 92.84917 -10.41781 150.92083 164.93757
379 855 20.09114 -95.81844 92.73898 -187.36490
380 857 -38.52316 152.38813 -24.05133 -128.93208
381 861 -87.89452 19.39096 127.74048 -88.05942
382 863 25.36552 -14.13413 60.18777 -7.73983
383 865 39.44352 55.02891 125.93828 110.18369
384 866 -59.36388 -38.69728 -148.00240 -31.10714
385 871 1.91436 -130.35764 -4.22607 -144.33401
386 874 -98.03204 -148.36873 47.77572 -31.72780
387 878 -116.45587 10.23634 181.37173 -99.90889
388 879 -86.51767 9.09321 -35.66267 -2.41923
389 882 -112.45104 18.41280 103.06203 44.09748
390 883 -72.59996 -41.08718 -58.08320 127.89678
391 885 70.57725 -166.67920 -66.65773 149.60494
392 886 97.11433 -51.07385 -78.85992 -76.48496
393 887 125.92700 58.18991 96.71886 128.99957
394 890 96.03576 -17.93126 -3.58073 79.38162
395 893 -2.45631 12.35037 -52.80295 39.09986
396 895 -62.30327 -6.92997 30.75421 -70.24060
397 897 159.98684 129.96309 -68.24345 151.09497
398 902 138.08585 -65.33859 29.73508 -224.75965
399 904 179.32645 99.31593 -106.02218 155.80798
400 908 -63.11545 38.14350 -38.01499 -81.75269
401 910 -46.23496 105.00657 -74.15660 39.51549
402 911 144.67076 78.22496 -86.22724 -150.79113
403 913 -19.22035 -42.99591 188.40413 -63.26250
404 915 72.83875 -113.84180 -119.62383 25.67701
405 917 -34.39423 35.42193 170.36161 -110.25999
406 922 88.92991 34.41334 -101.56174 172.83559
407 926 -78.27367 125.74593 202.00566 -124.15567
408 931 -124.94877 2.01509 91.85569 17.03434
409 934 -140.33327 -35.04797 111.88595 -140.54287
410 938 93.21736 7.61616 -28.54906 -138.41912
411 943 88.46420 -25.65105 105.48667 142.15400
412 944 99.14861 113.91432 -73.32463 16.29558
413 948 19.20699 -24.52081 79.01875 93.57976
414 951 -21.65397 -100.95040 29.54866 -119.76450
415 954 101.97148 -158.80745 49.59537 -14.10853
416 956 -117.91733 53.91961 166.09720 -22.81308
417 958 -53.25241 -57.00192 -33.82316 -166.65961
418 962 17.10696 99.16937 51.91609 39.92712
419 966 195.06274 -118.28291 49.75385 -128.74578
420 971 -222.70785 -8.01601 7.91400 -33.60662
421 974 108.78438 60.78770 -34.56956 -18.77476
422 978 -103.50734 126.51490 85.37165 46.70785
423 979 113.67873 23.76146 -11.90527 -14.40708
424 983 -8.93102 -74.30937 156.52183 -74.37941
425 986 -102.05189 -28.93013 -153.61636 210.91941
426 990 -149.77688 86.76943 7.89350 73.37269
427 993 -45.94357 23.08324 -86.29710 89.31270
428 995 104.07761 -170.57857 50.73950 -16.63182
429 996 121.44392 -76.64242 35.78706 67.63813
430 1001 -1.18073 22.65247 27.25402 -64.29243
431 1003 -120.37480 -7.07307 34.29658 140.35762
432 1008 166.57799 -99.48703 18.40426 148.82076
433 1009 10.14188 35.21037 122.77418 -70.42312
434 1011 85.45372 -109.71745 54.92893 127.19687
435 1012 37.56039 62.92093 -11.00784 121.90406
436 1017 103.04322 -77.61101 15.47950 114.13161
437 1020 -59.00778 -47.85974 91.63987 -34.56325
438 1021 -111.48507 75.70327 -64.82034 -71.93738
439 1024 137.76805 -15.80589 22.15579 104.43235
440 1029 -175.29313 -11.78977 73.70282 -94.10522
441 1033 20.35249 139.85755 123.33918 47.91950
442 1036 -39.09924 74.97098 -92.83885 97.20449
443 1038 -141.85029 -118.73033 17.12333 -7.24386
444 1039 44.61616 -111.72934 -116.71753 -52.82446
445 1042 -23.15954 -110.79910 76.14078 20.14532
446 1045 103.00455 -83.82323 -72.77793 80.32188
447 1047 43.58357 134.30937 72.41041 212.20720
448 1051 -96.12171 -25.09836 40.29267 167.83156
449 1055 109.12210 37.23921 123.51023 118.48609
450 1056 -19.70372 -7.37679 -105.66724 -58.74545
451 1061 152.37219 71.58946 188.22254 -61.82068
452 1066 159.09680 55.90676 57.27081 132.04864
453 1069 -74.01425 43.27689 -164.40280 -39.13387
454 1073 -18.22883 -93.15600 136.15665 -121.64609
455 1074 -127.25087 -49.49573 -120.60129 38.76932
456 1075 -103.56889 -90.22025 68.19251 -73.46718
457 1077 165.50210 -6.71489 94.97493 -23.41025
458 1078 46.30876 -189.17368 -109.55134 -114.24807
459 1082 170.43674 126.25556 51.67012 95.06472
460 1083 -110.74502 -30.70299 68.81981 -75.31221
461 1086 38.51905 77.85880 44.00999 -79.31789
462 1087 -79.69176 141.04109 -64.85875 133.03311
463 1088 78.35938 -52.38122 20.85000 18.27379
464 1090 -22.79296 -39.79156 17.81619 -36.31455
465 1095 -17.69137 -151.37906 -121.32033 -65.09482
466 1096 -17.97232 -97.36809 -192.10660 127.30629
467 1097 25.40235 -156.61937 -28.13578 3.42798
468 1100 111.84295 16.13550 -84.85106 198.63505
469 1105 91.06678 -22.11636 56.54276 15.90104
470 1106 130.56364 146.78737 211.08026 78.55348
471 1110 132.43532 71.97014 0.41434 169.14053
472 1114 -81.78422 -14.10142 -24.97079 -91.67009
473 1118 -198.91171 142.53757 -0.51319 -106.29023
474 1119 -32.68799 -30.06022 30.88088 -40.69339
475 1122 9.57982 -12.09893 146.33056 21.51976
476 1123 148.12851 -15.79312 -88.27847 -22.41353
477 1126 -134.16103 -74.92730 49.26951 -14.62682
478 1129 27.81839 -59.87025 -42.85189 74.28781
479 1132 120.60665 -30.28871 -142.98273 -37.61855
480 1133 49.52998 -74.91191 -159.04322 108.46743
481 1138 -23.00012 19.22648 -76.60217 -105.28448
482 1142 77.08255 -32.45550 -92.72223 -33.57460
483 1145 -33.51346 126.14184 127.32153 -35.09250
484 1150 19.84225 -96.98338 -3.66712 9.57868
485 1151 -107.61929 -150.04700 122.51497 -103.43857
486 1153 73.63089 -63.67281 -90.71129 -95.85802
487 1157 105.03519 -54.09097 -71.42146 -123.63490
488 1160 7.77730 8.48659 -24.17316 117.16143
489 1161 -27.06115 134.77247 -30.30982 8.03747
490 1163 83.07856 53.05156 -21.30759 79.65482
491 1164 -105.45257 -19.32977 -45.82980 -103.20944
492 1169 -132.80948 -100.43714 -137.49555 101.97526
493 1171 33.24676 95.49099 172.97632 -25.41717
494 1175 124.47644 -151.05079 50.81355 -33.06941
495 1176 15.59845 8.47807 81.17593 88.49296
496 1177 18.65592 -45.35033 131.98578 -132.90161
497 1180 -3.62382 -105.79931 -77.58285 109.39349
498 1183 -43.14014 -67.54191 11.06023 6.79300
499 1186 -18.62438 -79.97086 -186.38020 -106.16328
500 1191 -51.99113 30.78577 156.69476 -0.99777
501 1195 48.55829 143.68906 91.32768 -120.18393
502 1197 100.41294 156.28436 10.77053 -163.42243
503 1199 -61.02923 -140.94236 51.36312 14.95320
504 1203 -38.79648 -144.23044 33.55538 0.69324
505 1208 -94.54347 88.86055 34.56683 79.38164
506 1211 -52.39243 -1.99157 48.50724 53.27862
507 1216 123.02190 -63.36411 15.11861 210.99106
508 1217 149.53890 145.00120 50.16762 -78.09067
509 1219 42.26742 165.71563 -42.64126 49.26991
510 1220 -14.84131 131.27381 189.44077 43.49697
511 1223 -56.81177 93.87613 216.09337 -157.74820
512 1226 -79.29956 -116.64144 -68.37260 98.26484
513 1230 -117.19670 -30.96041 85.35081 -108.60766
514 1233 131.52665 76.99016 -54.68005 87.26099
515 1236 -78.28226 38.82122 152.17654 23.55454
516 1237 184.93238 -2.72636 54.24027 -138.51858
517 1242 -33.52246 -30.29000 -116.17761 88.21079
518 1246 -103.97606 42.87012 105.45941 59.26967
519 1248 43.87028 -42.94355 57.30208 82.39083
520 1250 -103.04438 182.29378 -47.77112 101.01823
521 1253 54.28351 97.14208 82.28479 212.82286
522 1255 2.93933 -24.72267 59.90995 193.14400
523 1256 -21.08156 -145.65212 0.33360 135.12914
524 1257 -15.85657 169.04826 -83.82450 93.87121
525 1258 -31.61839 192.80860 -57.14480 79.43005
526 1261 -58.35543 29.07730 -142.77902 -25.72212
527 1262 142.19657 58.45698 78.49289 195.36531
528 1267 -20.45667 -51.35715 -252.61440 -9.78581
529 1270 -129.71909 17.22619 68.69114 80.43050
530 1271 -114.47492 -104.95443 122.94608 -63.07619
531 1273 -98.57305 7.00918 -49.03165 37.87008
532 1278 74.23441 -53.62932 -31.84572 16.50618
533 1280 153.39464 179.88704 -56.62973 -85.63530
534 1284 71.15877 35.25925 -169.04217 82.17894
535 1285 -25.40565 -17.30388 -28.42543 -46.53408
536 1287 12.86424 -52.22523 104.76633 -105.93019
537 1289 -48.14822 102.91608 -106.62312 40.02979
538 1292 -66.62641 2.02441 161.11298 -105.07390
539 1297 43.58477 134.01610 99.70339 29.86360
540 1300 70.10871 -35.27343 105.26530 -96.94444
541 1305 -99.73874 5.95567 46.14996 -25.71467
542 1307 -115.35023 -79.20491 121.27985 -176.64220
543 1308 -72.18021 3.57771 3.50200 76.88686
544 1309 45.60971 -70.68586 139.59462 64.23539
545 1312 52.25294 -104.43115 -28.21254 -126.89232
546 1317 -49.53799 -16.32782 50.20785 107.03626
547 1322 -22.73181 100.75550 -121.37001 90.53055
548 1324 -117.10627 18.36779 -140.31027 -64.21091
549 1326 75.69573 -145.49017 -164.08387 72.39957
550 1329 48.48266 50.79246 4.29280 -32.57727
551 1331 98.78125 -26.37904 129.57205 -55.53036
552 1336 -39.52826 49.28930 43.19684 172.20818
553 1339 -33.71310 -115.89054 -70.29099 -29.38368
554 1344 122.27521 55.45391 71.02425 156.86833
555 1348 153.67825 33.22139 31.09911 -83.61802
556 1350 53.04375 175.68092 -91.09137 -115.39234
557 1354 110.12929 -104.88741 152.23351 52.95700
558 1357 101.16685 138.39094 32.13369 94.17912
559 1359 11.82964 -69.96635 -70.18149 68.73450
560 1364 -24.14644 -97.01393 38.11560 101.80153
561 1366 2.63847 -126.61391 -16.80087 -132.66014
562 1371 45.14856 66.82216 103.95004 67.40027
563 1372 -96.60380 -120.97459 -3.59466 49.76348
564 1377 43.64267 -38.39674 -105.96465 130.26233
565 1379 -38.69731 -71.02101 -75.94498 -143.05974
566 1383 -154.24418 95.19460 -5.86996 19.22641
567 1386 22.06613 -77.05774 -119.95155 174.06352
568 1388 37.46772 -49.52486 -35.04708 144.05183
569 1389 111.40835 -76.62977 -134.14929 11.42345
570 1394 48.14901 117.37068 85.07952 11.59104
571 1398 97.12882 -38.04706 1.44579 -151.18829
572 1403 -0.96911 150.92633 93.47447 134.98850
573 1407 -42.27671 -92.34009 32.72534 -154.86866
574 1410 -142.47898 101.99224 -13.07974 -155.73956
575 1414 -201.15528 53.59517 168.68422 -159.83774
576 1417 123.72301 123.08407 -82.50196 152.53155
577 1422 -95.23981 -3.13644 -63.37769 67.72421
578 1425 -68.23188 -121.37810 -31.47562 -4.73073
579 1426 0.54368 132.99218 19.89892 115.68407
580 1431 -108.20026 -89.74312 -115.60761 -137.40453
581 1433 21.67375 -28.90579 3.66318 -11.92639
582 1436 79.21400 -126.98306 -136.97479 87.91667
583 1439 150.68425 -51.09338 -14.16549 -120.75506
584 1443 62.91597 -98.56595 -99.03258 -67.14580
585 1444 33.45381 -164.49589 -98.58527 -180.98698
586 1447 107.17872 -54.14526 23.83490 -137.64979
587 1450 164.54759 126.90698 -12.06061 136.52912
588 1451 -192.54785 -21.11597 -96.52963 -46.53224
589 1453 19.11973 39.26820 119.12259 27.05926
590 1457 -0.36375 113.35598 34.95771 6.38645
591 1462 -121.97511 -97.08728 93.38674 3.63195
592 1466 97.64222 129.13915 113.39660 137.33656
593 1467 -130.08225 118.96861 -96.50258 -127.72581
594 1469 60.09648 17.78909 -21.93948 -69.54456
595 1473 85.10417 -47.59709 10.16863 -101.36514
596 1476 -56.88293 56.14026 -53.64545 7.28001
597 1479 -115.29808 90.61405 0.95040 147.25252
598 1483 -114.68197 -77.30406 -179.19739 -14.53333
599 1486 -70.23182 -104.49245 -30.34597 71.78734
600 1487 99.75378 -55.92239 13.12469 -80.55068
601 1489 164.41688 -3.89747 19.04410 -80.41176
602 1494 -180.24952 89.06204 -60.67257 -47.16306
603 1495 37.28603 16.76030 -29.51080 -91.22074
604 1499 97.44822 -70.05475 73.20412 53.97347
605 1504 88.80525 -67.52161 -6.76308 14.72070
606 1508 120.88726 -273.76425 -85.65253 -152.89718
607 1513 101.54343 32.97114 7.38210 43.76818
608 1517 -42.59442 129.67548 86.68898 -117.71428
609 1520 91.74253 -63.34956 -39.71242 -28.58387
610 1525 108.28918 -139.71565 -156.93671 -98.53941
611 1529 -159.48953 -67.53585 137.40183 -92.92134
612 1532 -124.53236 -106.66712 -58.48515 84.69178
613 1537 103.47237 -180.21444 -71.23404 88.49507
614 1542 -104.87678 22.31052 -153.39911 -184.61930
615 1544 68.35453 96.40324 -143.63639 156.49933
616 1549 -24.67578 156.93890 -99.14056 -243.05574
617 1551 14.55108 -198.82347 -13.10646 56.01192
618 1555 -21.15037 134.39112 -158.36315 22.14326
619 1558 37.14417 88.19596 91.19821 98.88844
620 1561 -11.41878 -71.14094 -149.71845 -139.82620
621 1564 62.27462 57.25562 115.67685 28.87725
622 1566 -81.60493 -63.45683 -0.46407 -138.50602
623 1571 -94.87320 44.71125 36.00528 33.84425
624 1575 41.52802 -5.39873 25.13329 -116.83236
625 1577 82.50898 -107.15951 7.38656 32.17608
626 1579 103.43160 78.94418 -135.31199 -44.57202
627 1580 90.22629 -178.85942 -61.57166 127.93240
628 1584 -81.16537 101.31883 111.82085 64.96402
629 1586 -179.27934 -69.13032 24.91073 -145.79289
630 1588 -164.22976 88.26797 -71.70221 165.66685
631 1591 -3.40261 -145.71952 153.18945 -14.39268
632 1594 70.69367 61.35330 9.80737 58.44527
633 1595 101.29389 -21.76260 -12.93347 70.42338
634 1597 -105.81040 130.08860 83.80135 218.15303
635 1598 19.31898 -162.28554 84.39034 98.94604
636 1601 94.71387 -105.35410 -40.06233 -82.94651
637 1603 132.05409 -114.98917 -186.17916 -126.10187
638 1608 99.86253 -117.16516 107.45129 83.20360
639 1612 -99.61225 134.10537 32.02337 165.95862
640 1615 -21.37474 -197.53484 -96.84348 -97.18014
641 1618 125.89697 98.48940 8.06660 23.03242
642 1623 90.67927 -70.15531 77.96194 106.96156
643 1627 162.38484 57.32136 -18.49247 24.46054
644 1631 150.85897 -8.29388 55.64393 -9.72817
645 1636 -144.10153 -37.95933 3.71986 -85.36596
646 1640 107.11204 -113.60304 104.35258 -144.57979
647 1643 85.73210 -145.48344 -118.02629 1.19144
648 1647 -24.83307 -86.41098 125.72261 26.68752
649 1651 -6.44344 -108.44798 -89.24377 -67.71331
650 1654 -12.36136 -88.93837 64.03053 -130.85649
651 1656 44.68396 -78.40875 -48.03711 -30.32816
652 1657 -110.10825 -127.79382 141.55912 -133.89209
653 1661 86.91540 94.82944 -53.63397 187.84036
654 1665 122.17118 34.63092 7.71429 71.00989
655 1666 -29.24658 -16.81176 137.09192 141.73065
656 1669 -19.99106 54.27363 112.51816 -9.24417
657 1670 31.80122 16.96834 41.95200 84.37940
658 1674 -82.87308 -51.11271 86.18379 -101.52066
659 1679 143.63987 -172.08464 -152.20930 -140.01076
660 1683 -133.36580 182.25096 91.72486 -82.33121
661 1684 -101.04509 121.75299 195.11128 -78.45925
662 1685 -45.00966 31.97114 31.07589 2.67909
663 1686 -34.42648 142.98057 -24.47931 -27.66892
664 1691 162.97169 86.41809 -27.92530 -95.01555
665 1696 164.91619 81.77333 35.02247 26.99322
666 1701 6.96307 -104.62442 169.02171 -133.77329
667 1704 -165.20899 -93.06778 57.16703 56.51853
668 1708 -161.12042 -126.65904 110.83811 194.16056
669 1710 61.68978 -105.53982 -123.00688 94.57747
670 1714 -139.43550 21.34637 82.17070 -162.14046
671 1715 -123.85084 -42.80671 -86.71538 -92.09026
672 1716 -186.82074 38.30415 -17.16987 54.00976
673 1718 77.44153 -197.96615 143.80330 -25.60696
674 1722 -85.92641 -2.30110 -56.29573 -73.68560
675 1723 -95.47332 -8.85974 -80.70799 -11.13719
676 1726 90.03282 -7.45943 -103.84005 14.14377
677 1731 18.51430 -67.31156 -57.84008 -57.16201
678 1734 111.09226 109.17966 -28.82199 -180.44302
679 1736 11.38692 -75.65426 -108.15924 -159.47116
680 1741 -42.69983 -35.79498 -24.78020 5.81024
681 1744 41.77101 -1.85526 11.57498 -99.90089
682 1747 -5.70160 28.21705 62.30394 20.94441
683 1748 43.92257 253.79443 -31.49064 -58.06766
684 1753 -114.68432 -45.93005 65.43840 37.90385
685 1755 31.35584 -79.53629 -11.32234 -102.49793
686 1760 17.91387 -70.38389 -199.30423 70.19115
687 1762 87.66938 173.94389 -156.53848 124.75586
688 1767 141.26203 -61.35382 117.32420 25.08358
689 1772 45.09708 -93.45849 127.60412 -151.21760
690 1773 71.69282 -62.08414 1.69334 -11.10663
691 1776 164.40460 106.36642 98.20076 -59.98883
692 1777 52.14692 -109.26745 69.30792 112.88129
693 1779 77.91785 -82.70430 38.54987 39.89207
694 1784 15.65559 -105.96352 139.92871 228.05174
695 1785 90.40093 -68.92053 72.48139 22.03773
696 1789 65.30776 -155.77474 -138.04813 152.43843
697 1794 -120.02852 -87.35326 112.50196 -71.28364
698 1798 14.87907 95.47627 23.70449 90.21398
699 1800 159.96546 -122.51621 30.80402 -12.29090
700 1801 71.95384 -85.73303 40.36383 52.93380
701 1806 -24.57448 20.55700 -91.60708 45.48134
702 1809 37.16341 -55.04101 -43.74730 -138.22289
703 1810 159.86175 112.28312 -85.78697 -76.83838
704 1812 144.20072 -30.90776 -33.58518 30.43110
705 1816 -6.44427 -55.18969 -5.06996 60.87064
706 1818 82.05557 -58.21407 141.69772 -71.92078
707 1823 28.39435 -10.16456 -20.12867 195.13987
708 1827 31.38588 77.57801 15.88089 -125.99014
709 1830 -39.04777 -89.49281 -73.91642 -74.93744
710 1832 1.48271 -135.58887 103.79562 -105.18007
711 1833 101.14948 -18.07994 -27.07128 131.23651
712 1837 -239.73689 -48.73263 154.27485 -3.62570
713 1838 -50.38293 -152.36926 83.73688 -156.66879
714 1841 -180.98816 16.03616 -63.80804 54.98713
715 1844 186.81135 67.18526 -160.75164 -81.00605
716 1848 85.08368 -33.13629 2.49374 65.31737
717 1853 27.29308 41.24327 207.75134 -128.11462
718 1857 83.83517 -79.40188 73.17379 59.07050
719 1859 151.56406 -12.24008 -11.55919 -26.40363
720 1862 -95.51569 -117.27543 -36.33223 73.24169
721 1867 -121.49319 58.92588 -214.28062 -101.23829
722 1871 110.22904 162.22336 0.34233 79.43495
723 1873 -123.82093 -195.78148 27.29199 62.48891
724 1876 -95.10659 26.91226 -43.16588 44.32702
725 1879 -149.04561 96.47654 -96.33468 -212.23368
726 1884 -39.66964 -16.84762 214.95925 -127.67570
727 1887 -4.78077 -136.18742 89.33150 -117.27917
728 1890 107.04528 -23.24787 -49.16496 71.24140
729 1891 -47.19383 11.06702 -70.23438 77.76474
730 1895 -25.35033 -209.37341 -107.69086 -148.05868
731 1900 -99.03114 110.77034 107.23421 -79.60703
732 1901 -25.87164 55.78830 109.90215 -100.42339
733 1903 -14.18672 156.89234 106.22592 -1.73221
734 1904 178.93009 9.81197 19.35083 191.19715
735 1909 184.47402 54.22078 122.54279 -15.64942
736 1914 8.10987 -7.25449 -50.41305 -38.02617
737 1916 45.62832 -94.03519 157.06180 -3.90647
738 1917 -73.31586 96.01909 8.20903 91.36278
739 1919 -33.82302 -167.67940 -124.62457 -159.98339
740 1924 57.72745 -84.98906 45.33673 -172.40163
741 1925 83.18892 95.32015 -87.65103 -32.12597
742 1930 -35.48446 -23.64579 53.15485 48.98205
743 1932 85.29562 83.13962 46.11631 -126.64709
744 1937 -35.35464 -116.17712 120.78368 39.92950
745 1941 79.44205 -25.64583 19.79347 -11.99289
746 1942 68.10922 -15.99298 -117.58413 45.33000
747 1943 4.65119 71.25836 -21.54542 -145.13978
748 1944 -63.07961 -21.08344 -94.76813 18.90030
749 1946 80.58507 21.51275 -183.67755 -116.22139
750 1951 -19.68368 55.79550 -30.32761 -131.87580
751 1952 -28.58609 83.69844 -35.55832 88.28565
752 1956 135.93903 12.85860 -233.32574 -75.05983
753 1959 39.13711 -119.99292 12.21634 -52.14778
754 1961 -86.60629 -97.21211 -60.40874 9.47604
755 1962 -81.57861 96.43803 148.91396 90.14987
756 1964 95.86199 -60.89188 -63.94488 -22.87385
757 1966 -103.33743 12.54073 52.23629 -25.71297
758 1968 -12.93667 -21.78779 31.76802 91.68874
759 1972 51.90063 -77.97703 79.44222 -29.64366
760 1976 -50.46786 108.99944 139.72335 53.13373
761 1981 -88.74562 -168.33043 -75.48583 71.04394
762 1985 80.85969 -27.93815 71.95304 -77.85854
763 1988 97.28577 17.13871 94.22389 -36.63948
764 1993 167.68027 -127.97911 81.54684 58.54312
765 1996 141.59336 3.27845 99.73890 -120.77072
766 2001 -38.68744 -65.71839 56.66911 -84.49086
767 2002 41.68919 101.54700 103.92113 -103.40913
768 2005 -150.50832 -35.45375 3.28688 85.88870
769 2010 -85.74562 -4.71792 -96.39859 -13.05854
770 2015 -82.81286 -9.27896 -132.14474 151.98436
771 2019 -40.53196 -178.89141 44.86147 -110.97243
772 2023 -24.58840 -103.68019 68.86941 -103.42139
773 2025 -44.71238 7.69798 -110.06973 -37.55467
774 2030 80.09586 1.17131 173.79201 91.24517
775 2034 61.34128 -3.15956 40.82374 54.21989
776 2037 168.30372 79.17453 66.19462 -31.81455
777 2038 232.52983 113.78154 -8.16199 133.31471
778 2040 -141.18930 57.00969 108.68131 -265.48535
779 2044 39.72502 -48.49749 129.26518 100.61064
780 2046 8.68084 42.06915 91.31080 -17.56774
781 2050 35.25823 -225.45936 180.92948 166.15500
782 2051 1.65911 -11.43182 -36.77974 47.64055
783 2055 14.00228 -57.44585 57.19847 222.45857
784 2059 -43.72235 128.64624 -116.08618 -44.83887
785 2064 -33.78809 117.89913 -44.82157 136.05801
786 2065 76.38977 -101.74455 77.32609 -137.38733
787 2066 -46.69872 -112.05358 -156.14051 -100.49227
788 2067 50.14909 128.76066 107.13070 104.71292
789 2072 -4.02685 -137.13443 51.26761 14.86053
790 2077 -152.72238 -202.89910 -31.78188 28.98217
791 2082 205.08584 -54.05349 203.97210 -46.52444
792 2085 96.11627 57.96910 26.14455 -0.62140
793 2089 199.70874 80.09943 92.51032 2.40311
794 2092 38.27548 207.45102 106.39251 -74.09050
795 2093 29.64322 57.68769 86.32053 123.44578
796 2097 110.01036 66.75679 60.40892 75.16289
797 2099 64.60984 6.71370 16.39836 228.96172
798 2101 215.05779 64.92379 25.35329 -4.99429
799 2104 -64.84139 195.43934 -122.97122 138.32112
800 2106 -231.32696 60.61787 -22.06646 -143.80591
801 2111 -62.90546 48.43825 135.66980 -200.41241
802 2115 234.44599 -66.41858 -155.38836 -35.72705
803 2119 -33.21428 -44.75061 84.73333 -63.99448
804 2121 108.29540 -19.74645 -15.85440 -91.98265
805 2126 112.14077 152.88059 -48.11778 -146.93334
806 2128 -48.62009 10.64389 151.94072 103.63287
807 2132 -86.51991 113.60865 -146.79978 -165.82006
808 2135 136.56095 -91.95505 -85.15363 -26.15459
809 2136 -6.26497 -66.35616 -96.36691 109.22328
810 2140 -28.25739 98.64681 50.25398 -90.47789
811 2144 -39.95870 -161.51698 36.73919 110.45012
812 2148 76.36756 143.10234 127.80986 90.54000
813 2150 -70.61174 16.64206 -78.84764 23.32376
814 2154 68.65075 -68.83648 -74.73911 -22.15413
815 2158 38.13788 105.01844 6.11815 -106.58174
816 2159 2.24737 182.01549 -88.83427 -19.31017
817 2161 -134.39833 2.45001 24.50128 -25.45698
818 2162 -75.38335 -106.54830 -12.97634 -58.73119
819 2167 8.82811 16.43295 -212.15742 -70.91346
820 2170 -54.11838 -16.92685 -22.40194 158.98807
821 2172 -131.12446 -22.01411 -20.58607 -17.98531
822 2176 106.18539 -68.84467 159.96200 126.55204
823 2177 -59.28494 16.42390 204.02381 -82.28841
824 2178 -70.11803 -110.49186 -81.06933 107.08533
825 2179 40.41020 54.26443 -64.49645 -48.64767
826 2184 20.34990 68.35097 71.29527 173.88322
827 2185 49.24262 -20.42878 32.65081 -81.73778
828 2188 7.20966 -82.44691 18.98480 132.37844
829 2192 -23.59326 37.20009 -111.70264 265.56573
830 2195 -73.18632 -27.82795 -40.13955 118.68808
831 2199 115.51268 73.95500 23.52048 70.24204
832 2203 70.39136 72.29875 31.41844 -65.36739
833 2207 36.71070 61.27352 -45.97280 18.68292
834 2211 -128.34904 -30.60383 149.94108 165.73813
835 2212 -31.92264 118.31516 30.27542 48.43708
836 2214 96.56152 87.68204 -0.45994 6.89993
837 2215 82.92910 9.03442 -105.76077 96.16886
838 2216 53.12712 100.63054 -120.06919 -82.00309
839 2218 74.98874 -32.19774 -109.57987 -16.92043
840 2221 -141.49287 55.58387 -14.12245 -80.72277
841 2224 79.32285 93.19417 -11.42400 123.94937
842 2228 -147.10032 -59.13634 -163.38972 -138.60119
843 2231 -8.19107 61.54772 54.37945 152.61997
844 2235 -106.37192 52.03128 104.75766 109.89052
845 2237 0.01714 -183.85529 90.04192 -26.83811
846 2239 -181.63266 170.52648 71.46285 -223.98801
847 2240 -5.23503 89.90403 -36.39767 40.55552
848 2241 -100.79379 102.24449 52.02663 29.55348
849 2244 -60.67940 77.11298 0.14150 -101.67332
850 2245 31.34301 15.28307 -116.59346 215.78507
851 2249 40.61790 40.06633 -28.56842 -45.59689
852 2252 125.98583 -35.63399 61.20478 51.26993
853 2253 7.88532 -95.06681 97.43825 -36.62437
854 2254 198.46345 14.22700 -117.18713 -53.12626
855 2255 83.89739 -20.49887 168.02128 -144.01014
856 2259 100.04290 -122.09945 81.51469 -70.27601
857 2263 49.18016 114.22258 -165.38196 151.26446
858 2266 152.10556 11.68940 107.88248 -43.80077
859 2271 75.52560 -193.14121 84.93461 131.06182
860 2275 -83.99539 -9.90418 -134.00132 72.45554
861 2279 -86.78897 171.61453 -47.02939 -2.77147
862 2284 -26.01216 -67.17863 -83.65862 -16.68207
863 2286 157.04956 -61.58638 131.78273 98.57024
864 2291 71.26683 -153.48734 164.41783 -63.94802
865 2294 21.62605 -100.14584 -59.59141 -155.60899
866 2296 -133.47104 38.67371 81.25409 61.58764
867 2297 44.68567 -77.22801 -38.76464 -90.57232
868 2300 31.32037 8.38163 -180.12024 -77.11835
869 2302 -23.46946 -74.80121 -55.75364 -119.15596
870 2304 -117.61042 41.31325 59.37414 89.54883
871 2305 118.66351 -159.16342 -106.09219 51.93336
872 2309 -135.05627 -46.42842 149.37171 49.85265
873 2313 65.04749 -76.52722 76.87709 -7.49344
874 2314 63.84127 -51.43002 -28.01118 72.10023
875 2315 63.88995 -69.76337 3.96180 55.80182
876 2318 -55.68321 -2.50984 -68.09403 -132.02506
877 2321 0.39724 83.08719 -68.24939 -108.54586
878 2322 -145.71670 119.97754 58.07048 98.98531
879 2325 -22.45252 -62.99755 27.29336 53.37156
880 2330 -87.31346 62.24360 31.72059 -120.49538
881 2334 -131.50016 14.55855 -97.07074 -116.18731
882 2339 18.61033 -16.41651 -71.14441 144.54434
883 2341 89.50907 41.30278 198.70551 16.46896
884 2343 -6.31527 61.71434 48.81184 133.86810
885 2346 41.93989 -28.89295 20.04004 41.20433
886 2349 -75.95316 81.03013 -20.36094 43.67945
887 2353 -123.99151 -27.95920 50.65975 -96.72879
888 2358 97.28500 -128.74216 43.46310 27.01008
889 2362 -72.94349 130.35547 -65.72556 -81.39777
890 2366 50.48271 -116.59105 -76.78408 -101.10424
891 2371 67.09572 -121.18963 -144.49629 -87.15098
892 2372 -56.46597 -11.39781 108.49273 14.34729
893 2376 57.57309 57.01751 126.91213 -54.87161
894 2380 -26.04367 67.23283 -43.88253 45.25996
895 2383 -162.40461 -177.58690 -82.82698 159.78973
896 2386 101.53232 141.63414 -64.46846 -180.81307
897 2389 133.98368 91.63293 7.72724 41.51264
898 2391 -42.07135 -126.72077 41.99726 -130.37953
899 2392 59.95393 56.98352 179.83190 76.51472
900 2397 -83.93502 57.55640 -146.31438 -77.11055
901 2400 -45.33154 -111.86771 -93.76468 67.95800
902 2402 28.37525 -111.63838 -12.53489 141.27318
903 2406 -0.47081 -102.91016 139.58817 -33.04540
904 2409 27.33865 64.45136 47.64427 17.08821
905 2412 -118.70472 -108.72804 -94.40062 -11.78978
906 2417 -42.12733 -35.40902 131.40588 50.30701
907 2422 -38.38334 141.63588 -56.71293 -148.67080
908 2423 119.71120 -140.02534 -36.55197 -103.61812
909 2427 93.99685 4.39272 -73.42771 -49.84476
910 2428 12.86499 -5.27490 -52.50954 8.46742
911 2431 -117.25917 43.32977 -175.51175 160.71640
912 2436 98.92153 44.72790 -63.86409 -66.03527
913 2440 -51.44762 96.68019 50.37758 -164.83502
914 2445 78.72695 -76.91858 -100.40230 -24.67965
915 2447 -105.67418 108.89950 -132.74348 110.08978
916 2449 -25.45013 -23.17579 119.68813 -92.90636
917 2450 96.52060 -77.43617 -52.05642 -54.45987
918 2451 -85.59454 -171.62605 26.57619 60.40484
919 2456 -82.33493 151.28981 -57.80871 -9.33787
920 2461 -16.44899 -106.73783 -30.83075 -14.27545
921 2464 -47.32390 85.52320 -143.66833 -10.05854
922 2467 -86.36761 -112.83260 -11.25340 -41.72497
923 2471 -120.21898 -78.43065 -130.70057 62.07297
924 2474 65.23924 -62.56581 37.45088 125.78555
925 2477 94.20404 -107.24159 -67.82977 -87.36815
926 2478 -83.97876 -47.94430 -31.81831 67.87337
927 2479 -31.57955 -64.26325 -61.60417 -199.88027
928 2484 -42.05764 53.37046 -16.08779 146.08473
929 2488 105.37962 -107.49946 68.04149 -27.01679
930 2489 141.40636 -117.50700 -90.04614 -99.46675
931 2494 -43.86822 8.44021 -188.79863 -13.27050
932 2499 -8.90295 -132.35596 23.51419 62.13181
933 2504 -84.94041 54.04442 55.71519 130.97850
934 2509 66.93962 38.17959 -101.16415 4.68169
935 2510 84.75000 115.62321 67.04701 36.17203
936 2513 -61.78182 -71.01536 -171.12217 -64.53572
937 2514 -115.84789 109.33351 73.25635 -21.63880
938 2516 -93.01791 -146.86504 102.54817 33.88563
939 2521 53.61890 237.88923 46.89147 -127.99397
940 2522 67.31877 45.35911 -64.12908 81.49193
941 2524 49.53039 110.30463 -139.83656 -149.95173
942 2525 85.70122 119.66219 -74.61316 -87.79261
943 2529 33.25473 -19.99837 80.67960 65.90257
944 2531 -168.40511 -13.57203 110.44545 -43.80138
945 2535 30.54781 73.53691 51.62138 -21.89050
946 2536 -223.12237 -73.70530 -122.86850 78.62462
947 2538 -36.47660 -120.58769 -39.88201 -45.86000
948 2540 -179.02993 110.38853 -156.27972 18.69647
949 2543 9.74820 -32.76589 35.39073 35.10061
950 2545 42.23744 110.44810 -159.91656 7.21278
951 2549 126.58040 -1.87053 157.80671 80.69805
952 2550 -176.89575 66.35813 -96.41771 -45.44230
953 2551 -138.80424 85.66603 -7.71915 58.03545
954 2554 16.96776 -55.51332 120.76376 22.70392
955 2558 62.48974 112.88659 -65.72538 -7.22542
956 2560 -22.41536 -169.11737 -70.50704 -55.86319
957 2561 -102.99313 53.87800 -51.62985 212.40203
958 2565 -11.19836 -56.02783 21.83715 24.49136
959 2570 10.48924 2.65739 -5.67010 -117.68500
960 2575 132.13851 59.67302 -57.03287 57.87594
961 2576 -60.79917 84.67911 95.10891 30.84767
962 2580 80.56719 -54.61915 72.23576 106.75204
963 2585 -114.10395 192.88126 31.86325 -136.57507
964 2588 -38.31639 197.82209 50.66700 -193.03776
965 2590 -32.34895 -16.36511 -27.64834 -77.36451
966 2592 -84.60942 -170.07535 -15.06486 128.22130
967 2596 106.48069 59.85523 146.81938 4.70904
968 2601 -71.20182 -198.83901 -113.37297 -60.80990
969 2604 122.16103 -87.65826 124.73908 24.02717
970 2607 16.45886 8.87933 -113.47213 2.05489
971 2611 44.17064 175.87158 -16.28909 -35.41590
972 2612 14.87331 73.25975 16.35511 -29.42816
973 2617 89.27069 100.96920 -193.66255 0.20578
974 2618 77.95914 183.65631 97.49194 -155.15317
975 2620 24.39478 47.65299 163.87305 -141.89979
976 2624 -8.61868 85.66219 -26.40104 -177.94109
977 2627 -97.96368 -111.98518 151.97540 5.97183
978 2629 51.77056 -52.24178 14.48600 -168.92565
979 2634 -86.29817 19.71514 117.98049 -118.89485
980 2635 23.92951 158.99298 -174.36372 132.09704
981 2640 24.45761 -38.52031 -124.96688 102.16133
982 2645 31.01088 -34.10174 -95.75563 112.58635
983 2649 -90.94560 73.29419 71.64959 -0.87029
984 2653 -109.41529 -129.94622 -51.94993 -139.67159
985 2655 -90.11457 -102.84853 -80.34817 -131.91774
986 2660 -151.71294 -13.30852 112.04392 -71.25907
987 2663 170.76652 15.59882 -161.48879 -81.57432
988 2665 -41.75128 -42.85119 -12.47333 0.33956
989 2669 13.50982 -20.84332 186.60509 5.68111
990 2673 -46.56466 -162.77176 -5.28214 -89.73926
991 2676 33.19126 -96.93178 68.07110 -51.33395
992 2679 183.53070 -177.52332 43.74588 112.17059
993 2680 -5.15243 -67.27937 114.83041 94.67981
994 2683 51.10289 -102.77292 71.10382 -92.23906
995 2684 74.48213 -61.91409 -34.81163 15.07623
996 2687 -145.69904 -94.47915 0.29712 -201.57589
997 2688 -64.37136 170.20699 -60.81767 51.14745
998 2692 -38.60020 -115.03350 -221.77724 122.46514
999 2693 15.68141 16.25622 108.39074 -24.44016
1000 2698 27.48272 -54.55949 -101.68909 -31.54053
1001 2699 -160.56979 -108.34359 63.16160 -84.65834
1002 2700 -62.26556 7.99640 -41.43089 31.05374
1003 2705 57.86108 -30.58488 -61.13532 126.62337
1004 2707 18.65744 42.48916 -2.52670 -113.44164
1005 2710 -131.85875 -56.00918 138.76287 -129.09898
1006 2711 -111.92024 110.51985 -89.89205 96.22184
1007 2714 106.83672 116.72492 -50.44403 59.29628
1008 2716 -215.06685 -87.76814 -18.12935 40.56060
1009 2719 -41.52333 -154.27029 127.99573 150.87833
1010 2724 -85.09355 66.65043 -121.84446 41.77210
1011 2725 94.16625 -124.25337 137.53590 -115.01913
1012 2726 47.98638 79.58895 -95.49233 159.99347
1013 2730 -107.03497 59.27522 91.68827 133.22059
1014 2734 155.01341 -71.97743 90.76921 -56.28999
1015 2735 27.07474 -24.78075 -91.21691 -48.33265
1016 2739 8.82077 115.53569 37.60692 -59.50419
1017 2743 56.02349 -170.87876 -87.73878 -45.57424
1018 2746 162.87649 37.18486 4.22849 132.91416
1019 2750 -51.65872 149.49070 6.33450 67.75559
1020 2752 116.43319 -127.22525 203.44382 19.73149
1021 2753 88.97897 209.95627 151.35115 -20.59753
1022 2757 99.21326 -79.83802 -35.98511 -34.24062
1023 2760 -19.45915 81.09669 -105.13986 -6.31163
1024 2761 45.34749 7.95944 109.08427 46.67630
1025 2765 147.91374 4.43962 49.77589 -83.31548
1026 2770 102.30303 -9.13708 87.75784 -40.39026
1027 2774 -37.45368 1.76116 55.06828 158.11324
1028 2778 139.97046 199.15327 139.89572 5.30923
1029 2779 37.58516 63.96618 143.82267 -62.28492
1030 2784 -113.63896 -69.82869 48.31143 -79.26980
1031 2787 -137.58226 76.24324 41.40065 94.20559
1032 2788 -132.87821 -99.84323 -4.49536 31.95186
1033 2790 -108.06126 182.62924 -28.36582 23.23212
1034 2792 -97.45545 -4.32868 23.75876 66.97003
1035 2796 -23.79475 117.16001 108.81235 27.04471
1036 2801 -106.81748 -44.41433 -114.63550 51.23038
1037 2805 -92.70446 125.25661 -37.53832 -68.19434
1038 2807 102.29202 -92.56105 79.45473 -106.68241
1039 2809 -112.96086 2.98859 112.72125 200.15548
1040 2813 -21.34083 43.62138 -155.27612 -40.03626
1041 2815 24.34241 8.03708 -90.14125 62.31521
1042 2820 92.39987 -59.88581 -104.31346 129.78720
1043 2825 104.94348 137.69034 -150.87668 126.73872
1044 2827 86.56628 46.47267 -91.39703 -41.90418
1045 2830 29.39053 70.65366 92.74307 139.16607
1046 2833 20.71696 162.01801 101.98056 131.58693
1047 2834 51.54844 -74.31974 19.43096 -86.01190
1048 2836 17.54960 -21.62372 105.31474 -117.57642
1049 2837 -32.70914 143.28721 65.63238 1.43893
1050 2842 -118.14459 -94.44524 -23.90947 -177.74821
1051 2847 -7.61347 -102.97279 8.77157 -64.79899
1052 2850 69.82534 59.20266 120.75198 -187.85589
1053 2852 101.28629 100.76558 50.63922 104.64276
1054 2855 167.81974 156.05393 100.91284 120.52596
1055 2859 -124.08159 -104.26483 160.45189 -37.69310
1056 2864 148.62604 45.54811 -68.72255 66.37032
1057 2867 -108.91460 104.60914 -151.91792 -16.04967
1058 2872 54.17559 50.48047 199.73388 51.25372
1059 2875 1.07997 77.37897 104.81975 5.33932
1060 2878 -132.42721 58.87614 -159.16625 -95.92344
1061 2879 -77.92438 44.50457 112.62388 205.59183
1062 2882 -107.74071 -115.60748 -158.93682 -16.62331
1063 2885 -19.95315 204.02372 -32.93916 -2.46770
1064 2890 -40.91558 137.45458 -92.76849 9.76105
1065 2892 83.57266 93.48971 79.86718 -125.21288
1066 2897 124.73384 175.91571 46.32255 -30.50863
1067 2899 -43.05398 64.88081 30.43313 54.61996
1068 2900 -143.94085 221.74943 97.87221 -113.33946
1069 2903 34.36732 65.81588 28.84116 -56.66046
1070 2906 16.25036 -132.06420 -146.44971 -93.70202
1071 2911 -120.40715 -159.06583 97.59347 -120.96418
1072 2914 -56.00197 -95.51899 -144.60551 -42.74881
1073 2916 -99.98821 -19.15670 -66.80039 -124.75256
1074 2919 94.33045 -104.88653 -89.43074 128.99754
1075 2921 -34.05470 6.95007 16.59843 30.31406
1076 2923 53.88224 52.05769 48.48420 -39.66267
1077 2925 -79.66462 32.91014 124.91734 48.08653
1078 2929 -99.03797 -190.17997 11.00319 112.03288
1079 2933 -75.14450 -110.00488 -64.39682 30.06808
1080 2935 43.36466 99.80763 -106.79327 -98.50567
1081 2939 92.19130 -27.11574 31.92952 116.61008
1082 2944 -112.09786 -5.20063 -35.63563 2.45179
1083 2948 -132.71564 -189.04843 193.15290 82.79298
1084 2952 -95.03357 -104.86143 -94.64126 81.83144
1085 2957 -136.25515 -32.82055 17.50154 227.70707
1086 2961 -73.96423 -5.22208 21.62638 -56.90424
1087 2963 -74.50620 -75.61582 -70.21234 49.97968
1088 2966 -11.03495 -34.28230 -81.75828 -86.70042
1089 2969 -118.77891 74.01006 -159.39107 -81.07679
1090 2971 4.94297 213.42563 70.12766 -144.36901
1091 2976 40.31189 -139.20970 197.37889 121.14568
1092 2978 -61.16401 -259.16171 -32.90056 -30.61788
1093 2979 -167.98234 -68.64356 -21.21470 -70.23469
1094 2984 150.82317 -215.32330 -52.36602 60.47689
1095 2988 35.52865 93.26281 24.12949 48.15063
1096 2993 39.55445 -145.48568 103.54016 -69.52972
1097 2998 169.81977 5.56881 24.37598 144.76060
1098 3002 41.73099 -22.14686 71.96272 20.59708
1099 3005 31.91318 -24.44661 84.19099 -132.62584
