100 1 35.70064 -69.21992 -36.61203 -132.04250
101 3 -18.46389 75.59364 114.86207 17.49623
102 4 -74.98552 -186.86039 -20.87941 127.63570
103 7 12.66146 67.31870 93.04867 -57.43694
104 11 183.96704 -170.43423 -102.48185 -44.03726
105 14 -9.99094 -69.22834 154.36389 166.19948
106 16 83.11238 16.97263 -37.03238 -12.45295
107 18 -68.77331 -73.23486 -6.32828 -56.56851
108 21 23.46502 122.14862 -87.86290 149.34129
109 26 98.33650 60.73909 -267.13224 -65.48811
110 31 -104.84987 136.62617 14.09263 -139.49468
111 36 -4.73595 -39.38990 -50.02281 -115.61205
112 40 18.06969 -7.31310 74.82978 107.10551
113 42 52.08898 -32.70370 -26.56131 152.13255
114 44 -86.86768 -11.19895 -96.32979 23.57177
115 46 -104.26175 54.96815 15.16623 -24.29891
116 48 -70.92493 -107.14958 -157.25740 137.67436
117 51 88.98023 -35.04163 86.97926 -130.88567
118 54 10.42845 -63.08474 -149.70550 -156.79373
119 58 -158.89395 -4.68494 13.71082 142.81632
120 61 84.41737 -104.80779 102.33042 -108.81974
121 65 -88.53544 122.91396 149.78742 -170.28187
122 70 -5.33941 110.20957 25.93870 84.84379
123 71 159.07747 -41.42826 -87.45584 150.26144
124 72 87.52592 -181.37760 -131.44723 -44.86681
125 76 -57.39640 -29.68064 125.67987 -119.89656
126 79 32.12538 159.64744 -138.26232 40.06804
127 84 115.94734 -57.58021 -69.26142 124.17786
128 88 33.40599 -102.75364 76.09156 -209.58727
129 91 142.65844 37.64926 -129.68608 -49.94392
130 93 -68.98860 57.51148 87.68111 204.39199
131 96 -81.90276 -30.84100 -10.28220 -4.89312
132 97 17.47143 -53.21002 -57.13539 -141.19621
133 101 -131.53543 -174.06785 -8.90953 -78.49687
134 103 -65.09962 -78.48974 115.02334 -77.87667
135 108 -117.93459 21.12339 47.13712 33.57054
136 110 -21.34250 -40.18052 126.76969 76.23362
137 111 125.02818 -157.16450 -59.38453 -190.17624
138 115 90.11989 14.76728 39.60149 -77.13060
139 116 -11.07567 60.51740 106.52064 -77.52270
140 120 38.43066 5.08260 134.35934 -72.13502
141 124 173.88970 175.48658 54.14380 148.96477
142 128 117.91699 -16.84224 -25.78638 -27.28765
143 131 25.53022 5.93021 -9.02141 -84.64084
144 135 -65.57211 -142.80490 29.75328 97.23737
145 137 -93.59776 131.19602 109.79673 170.61381
146 142 106.80498 -61.87648 140.12209 -97.21797
147 144 -28.85253 -93.16965 150.84382 54.93648
148 147 -22.88296 113.48624 -145.20268 1.77997
149 151 -98.94245 -6.29854 31.30175 19.71547
150 156 -146.69613 57.52141 -149.33686 39.41016
151 158 -48.61576 39.38895 70.99824 15.23129
152 161 -61.23809 161.94173 -72.56161 -38.08294
153 163 -39.45867 7.08430 -181.27476 -65.39411
154 165 106.24912 -109.82105 -76.90507 129.94649
155 168 -68.46934 -100.90893 -127.46988 -73.69268
156 171 -116.34542 -49.98637 4.41543 1.18046
157 172 -105.06541 -11.38601 -78.22776 -64.74246
158 176 152.76798 -138.78396 3.23084 -7.97926
159 178 57.74220 -25.65965 -64.60642 -84.18611
160 179 68.20738 -24.64386 183.17728 108.01310
161 181 -92.38493 -155.00220 12.03752 28.25207
162 185 -20.87226 62.91285 -51.94134 -152.35266
163 190 103.63876 -47.49165 90.92177 81.25307
164 191 -137.01208 123.77463 -86.93507 -62.70142
165 193 -5.65112 -197.86638 111.17545 -116.63974
166 196 -132.99349 85.76757 67.27708 48.85211
167 198 -34.26107 82.65357 -22.76545 100.10997
168 200 -99.86541 73.25864 133.60665 -160.77203
169 203 5.60843 113.06028 -31.52594 130.83966
170 207 -124.34907 36.92688 73.09703 130.38166
171 211 -145.91852 27.47823 -138.72067 -31.14341
172 212 -62.09832 107.46019 -45.28323 -98.87991
173 213 57.48672 -144.29698 40.01965 -133.82259
174 215 -96.03001 125.52715 -4.29288 -207.90847
175 217 113.43407 91.87600 27.93871 -45.67668
176 222 126.04157 -153.93117 -79.65130 -41.07204
177 226 34.88316 95.01284 110.56374 54.83231
178 231 86.00639 -11.55801 -129.37094 42.58610
179 234 -72.29357 -56.33429 -30.09969 152.63030
180 239 -87.38551 134.34201 -156.80936 -33.44995
181 241 108.01664 -45.56553 -136.85376 -119.72205
182 246 139.56688 152.95099 -158.30489 20.40359
183 250 -32.69025 -62.14713 -117.74534 80.20786
184 254 159.27800 95.43231 131.18405 14.41892
185 258 109.89001 94.86644 67.10638 -80.84463
186 263 -112.78559 181.30006 -144.26361 -54.45378
187 265 125.75117 114.54060 3.27044 139.44638
188 266 -84.10901 34.10054 104.29732 66.97075
189 271 -93.01612 -66.00677 -96.07475 -92.48127
190 273 77.99182 -109.07561 8.34619 -115.42168
191 276 -56.37848 3.01228 -19.57274 122.97690
192 279 10.93787 51.01990 19.30331 -102.44181
193 283 40.87562 31.01420 108.89004 -144.86112
194 286 0.06105 -207.37510 38.44229 137.52256
195 290 -71.43331 -85.14734 48.25047 126.73376
196 295 -70.01856 -37.89567 94.37481 171.85234
197 297 96.67257 21.56095 -120.96608 99.07996
198 301 68.09055 -66.61250 -85.21477 66.85420
199 305 -59.55183 -86.04481 182.27574 84.82393
200 308 -30.36042 86.30957 85.71470 71.84051
201 313 36.34853 96.95164 57.52161 45.08667
202 316 -30.39833 -74.42493 140.88049 110.13688
203 318 56.70900 24.47226 36.98965 -18.90496
204 321 11.98433 134.39596 -95.31584 -157.08204
205 325 -87.54356 3.13692 139.09105 133.15099
206 330 -38.19442 30.44201 -70.46973 115.05228
207 331 -149.49300 -64.08866 117.90575 -47.99479
208 332 -57.38309 -2.78125 23.86652 163.14091
209 334 -38.02684 47.43611 66.73803 117.17725
210 339 -157.90214 -69.03387 -135.05935 81.96598
211 341 82.31514 -5.55456 -29.09948 95.82577
212 346 9.90537 -32.91477 104.65658 211.47416
213 350 -133.22281 87.90028 69.80104 -55.25897
214 355 -183.53533 52.65474 216.43661 -70.62061
215 360 -73.87936 -154.41940 107.11073 -155.98164
216 364 -46.33237 0.23842 69.69063 114.80044
217 367 -18.29950 34.67844 114.96974 -92.25252
218 371 36.81627 -67.29120 15.57509 -23.45073
219 374 -65.60079 -66.35093 53.47122 -14.52769
220 378 28.12660 -86.82972 -141.02471 73.44499
221 382 -189.65717 37.61690 -164.66936 51.93307
222 386 98.43705 -51.22316 36.47102 42.02641
223 391 130.85338 -181.28202 -130.30524 29.20922
224 395 -161.43941 64.47896 -9.63484 30.04939
225 396 128.59231 -5.83942 -19.82658 -72.53010
226 401 45.64066 -52.56684 5.93889 50.21781
227 403 42.32829 -123.48577 6.49944 -65.39837
228 405 56.76124 29.03998 99.82676 -56.95605
229 406 -96.55713 94.66738 -35.64129 91.52985
230 411 -161.55352 -148.21432 -43.47227 -39.91359
231 414 58.52707 73.05473 -71.61176 -91.74391
232 419 -125.06909 -65.59624 82.82038 55.31708
233 423 39.25540 110.98608 -86.18097 -100.04118
234 424 -55.00176 42.17418 11.28292 -30.97890
235 425 121.59949 51.17265 -148.61044 63.99132
236 429 -87.57661 36.71124 -3.67612 77.58373
237 431 42.70602 -82.58875 109.45527 25.14593
238 433 -65.39951 3.39559 -109.23445 4.80119
239 434 -21.32155 106.34591 -125.18359 17.54598
240 436 10.72399 -83.03851 68.20661 -73.49350
241 441 -104.77314 -6.80663 -27.36208 152.96551
242 444 40.27953 165.93402 -71.69998 -48.85866
243 446 -204.40350 69.74014 -31.96390 -42.33980
244 447 132.64319 78.73786 -75.78751 -72.80729
245 449 -143.47942 -180.66034 124.50935 -17.94635
246 450 2.16331 54.73870 -103.53405 98.69571
247 455 72.74291 144.33691 1.65307 -113.26982
248 460 -12.31110 50.21021 -143.80445 43.85971
249 462 -88.52935 -49.80682 -118.01309 55.26381
250 467 -164.10770 -13.12306 94.29579 135.57198
251 471 65.76595 49.17080 148.47356 -85.31109
252 475 -136.29872 55.19983 128.13784 -93.71909
253 479 31.17500 134.00427 -108.63829 79.61734
254 484 -117.44622 98.66023 119.99501 -156.94787
255 489 103.01914 -160.47617 -6.39311 75.71976
256 491 -52.74951 -77.09867 83.43442 -125.94420
257 492 48.03496 -102.89029 -24.24402 116.20090
258 497 -62.82239 -155.46013 -56.64283 -59.39325
259 498 -79.91286 -16.73026 -145.65295 -0.97521
260 500 -97.65066 -212.27530 0.27703 -101.32445
261 502 -89.73619 -5.83367 156.47723 117.66918
262 503 15.86395 -96.08877 -158.80657 96.38268
263 506 -48.52584 -33.33273 3.80739 9.18318
264 511 -101.73453 -66.78107 38.35716 -111.63114
265 512 -48.83976 0.98065 20.41197 11.65575
266 515 2.51453 -35.73743 48.50760 -39.04368
267 518 95.72954 -60.33343 124.28438 45.13838
268 522 -126.53965 8.90923 -76.60854 122.34227
269 525 -96.62185 -140.29810 -106.34239 77.32936
270 528 -7.41357 169.19754 89.33149 -86.78691
271 533 156.89640 67.04181 -70.66339 144.30816
272 536 -101.22229 -0.71591 -48.56377 -1.50236
273 537 -21.39768 -34.74066 12.38888 13.85303
274 542 3.43816 54.90401 61.17330 -128.18722
275 547 107.13135 118.51862 24.00429 -58.59158
276 551 -65.97095 -144.43542 -60.64981 113.22400
277 555 99.62827 123.49710 129.78659 -76.40086
278 558 100.84854 53.45311 -140.82421 -144.31011
279 559 149.31097 67.16802 -40.19575 99.19942
280 563 -139.00263 52.38146 -110.77915 69.54926
281 568 -94.13122 -47.27510 3.81332 -6.67166
282 570 -9.37304 6.33394 96.36130 126.69945
283 572 -156.94525 73.57049 61.97306 82.44188
284 574 -68.67543 -42.80372 -170.02514 79.28694
285 577 -105.12190 15.55139 -32.97695 60.83845
286 581 178.76130 -3.03119 116.33337 -162.45941
287 585 104.06422 -86.56768 13.07016 -147.01785
288 590 -168.93839 88.45469 86.81673 -60.00526
289 594 -47.12875 -118.52159 112.31889 -66.08369
290 596 -153.56460 -36.48380 -20.09757 92.20502
291 597 -99.38910 -86.07027 -175.42360 -120.82824
292 602 -134.13356 -6.45168 -12.28467 -85.67176
293 603 36.42184 -68.52877 143.11533 -5.90679
294 606 -59.33816 104.19659 -82.17335 -98.83312
295 611 69.83998 -76.48927 130.57152 -190.28255
296 613 62.94184 164.48116 120.70184 -47.07292
297 614 -88.09235 157.56835 -174.97050 -67.65271
298 616 123.03113 43.88373 -43.53035 30.40174
299 617 -109.40890 34.12887 -105.69108 -14.17331
300 619 -125.04555 -137.49821 6.58133 -121.91241
301 622 56.51298 -32.10458 -78.70369 -42.12303
302 624 -81.37872 -54.09096 0.87717 -93.98907
303 627 59.57779 -19.78992 49.41719 46.87681
304 630 -83.39270 25.18423 15.75305 63.85590
305 631 39.30508 -139.16140 -158.81363 -70.24350
306 633 56.08014 -9.93983 21.47485 -20.47390
307 634 143.38089 50.22526 -136.99831 0.62954
308 636 67.08152 0.77134 -9.82215 88.78609
309 639 99.52929 -9.15632 -126.24898 124.81319
310 642 142.86096 7.77419 -80.95651 10.76584
311 643 -8.28757 -151.29805 -180.26287 49.97136
312 646 -38.69844 173.66200 152.15020 163.82487
313 648 -24.78160 53.92583 190.22191 -61.60638
314 650 -24.84191 115.99347 -14.53720 23.11702
315 654 20.89334 -265.57292 -137.61963 -92.28407
316 657 94.50964 16.73701 -19.08952 104.11523
317 659 -106.61973 147.72662 -77.95623 39.75739
318 663 -157.80317 -47.32266 -24.55610 130.38289
319 668 -112.20328 4.21881 -53.90634 141.58159
320 672 -112.61693 -103.17323 39.57112 59.25273
321 674 -62.58425 100.71039 127.65077 -134.30784
322 677 -108.82940 -72.93689 -71.75526 27.80620
323 681 130.23959 -19.31723 83.39450 37.44081
324 683 -83.01428 -97.45575 -109.78573 -65.02999
325 687 -27.04952 -147.91221 165.65145 -97.09917
326 689 -34.16819 75.99562 -46.33780 158.32395
327 692 44.60390 82.10567 152.23096 61.13667
328 695 -6.34574 -62.43504 43.18157 202.06024
329 696 184.60521 41.96625 63.53445 64.86373
330 701 -7.36611 -84.19197 156.32910 -62.85067
331 702 -73.27096 57.94122 9.23085 -77.92118
332 704 -59.36610 -3.12185 -94.76989 -131.07153
333 706 -57.17911 -211.13894 -156.99124 -21.16505
334 709 -151.10803 -96.02877 -81.55789 -33.73280
335 712 -28.73358 -143.27613 113.05001 54.58369
336 717 27.99957 126.95365 22.17814 -35.96887
337 720 56.62099 -205.71831 -6.19121 221.76617
338 721 -76.52371 115.86099 43.81890 -47.55223
339 723 -60.74531 11.18027 -62.36145 10.89030
340 725 57.38332 30.31186 178.39832 -84.14565
341 729 -45.86422 -144.82688 -36.16928 77.26659
342 731 70.89746 41.40541 -56.51979 77.66898
343 735 -51.56369 -59.03414 -79.02898 22.82880
344 738 8.70549 -16.53671 128.83824 -35.97818
345 741 19.06252 -26.51659 24.53918 -105.93568
346 744 -112.35134 -102.55334 -31.44293 66.04580
347 749 57.44302 -165.45420 -68.55395 138.14692
348 753 37.14501 -111.31832 -29.77609 -88.86417
349 755 112.13404 -37.49988 -99.42651 181.14737
350 757 123.91642 -27.56293 82.43031 3.04850
351 762 -131.03567 -53.71323 -97.42071 -83.80036
352 763 131.33662 -131.08508 -185.79108 -125.03656
353 768 -41.37879 -140.51347 -63.95230 142.48372
354 772 -103.73670 -102.63174 -139.25620 101.95879
355 775 24.50147 167.24152 -23.51018 71.07170
356 776 113.89554 -83.89004 55.25928 -2.65829
357 777 44.35955 -150.58941 92.48393 -42.52589
358 781 -70.74135 88.49735 -95.61097 -52.54715
359 786 68.09107 -85.15805 44.98122 -34.37686
360 789 -104.31524 -20.09696 88.69383 -72.19512
361 790 -28.06828 56.37747 -120.21461 -46.27840
362 795 -58.07554 41.37783 102.60113 150.19143
363 798 62.03306 -40.35063 -135.26831 83.51991
364 799 69.17714 -31.83709 79.06405 133.38160
365 803 146.10307 -11.00603 -144.09042 21.48770
366 806 -25.74034 109.75848 -145.82572 -17.64049
367 810 24.18601 -120.68211 38.08079 -69.14666
368 812 -26.34671 93.48962 -57.85556 171.29947
369 817 -72.30963 35.40223 139.54845 146.66874
370 819 -96.31775 -129.96543 -231.63790 46.57251
371 822 32.45580 102.19035 -45.90658 53.77629
372 824 -18.89693 -125.30676 181.13152 -73.95934
373 827 -6.08821 -147.09189 -49.33805 44.45056
374 830 -70.86220 81.81483 68.49727 -51.83895
375 831 -69.50001 67.58801 -96.46128 88.02706
376 834 136.62535 58.79889 52.44404 -61.71735
377 837 54.26476 25.31813 64.60471 -38.22240
378 842 -8.56852 125.09436 56.35516 -96.84830
379 845 -98.46530 15.78986 13.47380 92.88672
380 847 119.04529 174.01550 35.58919 -31.02022
381 849 -72.04699 48.32019 -47.17991 13.98318
382 852 81.71146 -67.39254 2.81117 50.13374
383 854 116.66357 -72.29211 123.20658 119.98337
384 855 -14.20546 96.08411 -162.79995 -18.13730
385 859 -56.73327 71.61466 -70.29348 63.85128
386 863 63.00337 -48.17613 31.03942 81.35135
387 867 27.67662 -24.86553 79.47375 75.09858
388 872 53.65910 74.33335 -138.02071 -9.29482
389 874 91.08305 39.52814 -127.48945 -98.41394
390 876 -90.08591 125.32121 75.45760 -160.50281
391 877 42.41421 -37.97878 24.57694 156.51731
392 878 112.44054 206.15933 138.71629 -124.62693
393 880 100.26647 40.14688 66.86131 121.36273
394 884 -131.86633 105.17151 -50.66131 182.13662
395 886 -89.88390 51.03136 19.23278 -104.28275
396 889 -42.22337 -87.96486 -102.69092 -16.49352
397 893 -77.74445 -44.81841 -63.73610 -94.93400
398 894 -126.24944 -51.50773 -207.58728 -27.00889
399 895 -97.86596 -13.70877 -17.91571 9.19942
400 896 34.83984 46.60968 -105.20532 25.97221
401 899 -33.80326 -190.62420 95.78164 102.33867
402 904 -110.78010 16.60000 -49.58565 113.22455
403 905 -101.72996 -85.44471 -141.51942 32.08848
404 908 -11.71384 -38.40686 -79.19695 25.31456
405 913 8.48243 12.56808 -10.79791 -103.43864
406 914 -54.97748 97.41481 15.33974 37.91588
407 917 30.12137 146.89449 -105.53847 31.65444
408 921 -1.23323 119.98865 -115.01427 8.14257
409 922 -173.44088 79.27433 -43.42945 0.28209
410 925 -10.11656 3.49032 102.53348 -1.62910
411 926 -70.37311 -111.48880 52.47206 -47.85676
412 928 -112.89654 34.82442 -31.53811 15.90726
413 929 -82.28011 21.54778 48.87363 -12.39430
414 931 -76.00815 153.86899 -56.42699 -81.14246
415 933 -86.43696 101.21021 67.78282 -106.95727
416 937 120.36398 69.69323 121.22830 -180.13862
417 938 130.89629 108.89045 -47.26776 2.33205
418 943 -123.21516 11.59421 -11.77694 -173.60139
419 944 -28.16084 -154.54716 167.74269 -42.34872
420 948 60.96470 -127.39210 31.07090 -50.32416
421 952 -55.16660 -30.47872 -91.65182 -2.41606
422 954 -56.15784 -184.40689 -105.08369 63.60703
423 958 60.43943 -16.44194 -96.85425 151.72594
424 960 98.19105 -37.03447 -58.11239 57.84502
425 963 0.31106 -94.16183 58.05384 122.28592
426 968 -111.27313 -144.78809 -86.90389 -131.66086
427 972 142.34935 96.86429 71.46452 -6.51244
428 977 -134.85418 4.72478 75.38098 -91.88572
429 980 -113.08216 -65.56069 70.72038 39.52491
430 985 117.39578 72.65508 155.98107 -84.55787
431 990 112.71151 145.20314 203.18258 119.67707
432 993 -122.70144 -120.70981 88.81842 175.07705
433 995 -105.22113 55.07371 -92.50273 179.32554
434 1000 68.64638 -93.27286 -46.25885 -101.79473
435 1003 3.43435 -84.63841 26.14644 53.72488
436 1006 193.40237 -49.29881 76.82290 -34.67537
437 1011 157.32743 89.51694 80.45475 144.10214
438 1014 184.53158 207.59821 47.39470 8.67847
439 1019 -163.99781 -198.43678 -120.32262 81.48288
440 1022 149.22147 -84.40542 73.09414 39.81895
441 1023 -147.04701 90.43887 -38.74465 -183.97491
442 1024 3.21837 156.15614 95.26786 164.26836
443 1025 155.18069 -101.60306 48.29983 -130.94222
444 1029 72.09420 -60.27644 115.64106 -151.10012
445 1032 18.10040 -157.41826 -20.66386 -118.25448
446 1035 -46.42544 105.06612 -2.07526 79.67288
447 1038 -21.72691 -67.38040 55.51742 36.78092
448 1043 -51.28263 -26.19024 -60.90763 2.14156
449 1048 -88.35206 85.13941 -83.70232 -52.96576
450 1051 115.34712 40.45151 -35.21168 110.27647
451 1054 -100.37269 20.57903 79.32180 -120.38227
452 1056 -22.51133 -26.91296 -32.72101 -11.23786
453 1060 127.89622 -144.08485 2.67413 142.35063
454 1064 -15.56051 -155.57545 -47.04205 -90.70184
455 1066 14.94645 70.88467 54.54546 142.98153
456 1070 -181.97501 -134.09439 57.10202 -62.88118
457 1074 127.25178 -113.18720 -118.19155 -115.92306
458 1075 129.69894 19.95461 35.84932 12.63741
459 1079 152.30715 -73.00053 5.34817 21.32072
460 1084 -46.30283 3.79374 -115.29102 -73.06027
461 1089 -97.59582 26.32974 -41.37302 -47.66783
462 1090 96.18344 98.62492 26.52917 15.86038
463 1093 104.03770 -71.50263 122.20815 -111.44063
464 1096 151.35067 82.93257 9.04043 166.59859
465 1100 106.39711 -110.33967 41.49248 123.71286
466 1103 -119.78388 23.35265 -127.29062 28.63419
467 1105 -127.37115 -36.78295 -208.56826 -39.52860
468 1110 149.96716 132.26203 47.71712 76.32197
469 1113 -46.13374 -93.86979 31.28825 114.33899
470 1117 11.09726 -116.81868 -33.29510 87.35244
471 1121 82.33170 -10.72101 -22.59122 40.34813
472 1122 76.91508 -109.14870 64.47146 -126.38306
473 1127 -4.96691 -118.65163 92.17664 -43.23641
474 1129 -4.05602 -67.88312 164.68011 126.85860
475 1134 -138.30784 60.07388 -8.51376 106.75239
476 1139 -32.86289 -127.81391 -117.91357 84.54412
477 1140 -63.44192 -107.33895 67.51457 79.59549
478 1144 -69.07126 -136.76459 149.79086 64.45045
479 1148 163.37309 -90.60929 175.26480 -178.04624
480 1153 -160.45167 -36.06131 -168.92688 18.30517
481 1157 -40.35684 -71.84905 11.18957 41.32236
482 1160 -136.31885 -28.11819 11.16879 -149.82368
483 1164 91.71683 58.05027 112.34535 -204.46785
484 1169 57.60698 -65.98524 101.27582 -5.00956
485 1174 -55.52628 -33.74967 47.77511 70.40556
486 1175 -103.99354 64.61249 -59.28783 -199.43675
487 1178 -163.50010 -13.12687 16.15959 146.77559
488 1180 -8.02791 -22.57305 135.21547 112.55713
489 1184 121.22896 67.10020 48.49269 55.89801
490 1187 -22.51919 -96.02944 168.58473 117.81346
491 1190 67.16942 -73.56436 -36.50909 -52.82864
492 1191 -87.14403 39.43907 -92.30828 150.69498
493 1195 135.42787 106.24419 -91.53482 157.43519
494 1198 -149.68417 -28.51070 -107.18113 85.81692
495 1201 11.76883 -76.29484 -43.60727 76.35931
496 1204 69.61109 153.22113 -174.22949 -144.70910
497 1209 -127.07821 47.21633 4.70192 60.24616
498 1213 82.88848 78.97410 -37.68841 -61.05711
499 1218 -56.91666 -18.89280 -99.13600 89.85758
500 1222 90.71290 -0.62610 -99.74392 54.90183
501 1227 -9.34747 -27.77831 2.64641 164.43001
502 1231 -114.50544 22.75130 -58.95518 -40.79865
503 1235 74.22160 -61.03007 75.72476 -24.10690
504 1240 -16.83054 -72.08827 -76.73511 -106.40913
505 1243 155.02995 -126.88192 -10.39155 40.80538
506 1248 -160.78492 57.45349 55.86912 -88.39909
507 1252 -73.83982 99.42121 -174.16780 103.03135
508 1254 72.78157 197.09622 -7.04331 58.95762
509 1257 -76.96115 79.96588 20.58211 35.33131
510 1261 -169.75692 105.04763 -46.42337 45.95741
511 1263 -79.62871 -149.36468 -151.57968 7.57047
512 1265 100.59220 183.33119 -69.20122 109.09291
513 1267 4.04784 93.71022 -129.30147 -76.65706
514 1268 20.88330 -50.22466 2.04173 42.75720
515 1269 2.14948 212.30743 4.80831 74.13996
516 1272 24.01584 -124.74854 46.30414 138.24051
517 1276 114.36767 9.83999 -20.18995 141.84263
518 1281 69.56449 -158.94352 -45.34960 -106.59519
519 1282 -95.79608 -100.00286 30.66493 102.83718
520 1284 -35.71641 -135.74532 -61.88517 -181.03326
521 1286 -170.68619 -22.51681 -33.20517 134.51006
522 1288 -25.69838 -63.72395 -119.35972 15.14446
523 1293 9.90062 -23.69619 112.61064 79.14115
524 1294 58.73863 78.25869 -38.48328 138.56680
525 1296 81.29410 164.97596 51.12463 33.49192
526 1301 -25.87180 -73.36465 -118.69131 -121.90268
527 1303 -94.80799 126.11445 -31.69356 41.66349
528 1306 -12.32366 126.32965 105.31163 -77.05162
529 1308 74.55757 -70.03775 86.61401 17.60529
530 1309 -38.12759 106.95898 -87.16489 29.50237
531 1311 1.16104 -59.37476 128.44045 57.98642
532 1313 -103.99219 -118.13785 -116.42014 -81.91326
533 1318 82.46529 30.57533 60.93899 -143.21311
534 1322 -174.76876 -150.02493 146.32419 19.27623
535 1324 12.35444 71.13377 -103.46493 -223.93535
536 1326 -96.09810 -83.67939 -93.90952 154.26247
537 1329 -87.01271 64.22969 75.18633 107.88366
538 1330 -141.62863 34.74984 -127.53862 189.19427
539 1332 6.20839 94.53146 -23.24771 68.58256
540 1334 15.57487 -74.29532 49.26744 -49.05540
541 1336 -140.08359 -163.48214 21.48239 -25.17632
542 1339 -52.98110 -34.85986 80.31236 -127.28678
543 1340 -139.37383 34.84490 10.98197 159.64187
544 1341 -87.31124 -61.15843 -130.31347 -52.90006
545 1345 -74.43856 181.61336 36.78266 -21.04644
546 1349 -154.36403 38.05579 -41.88745 173.07500
547 1351 22.65627 35.44756 -64.02122 -74.81369
548 1354 -40.16572 -9.93611 28.85216 -44.52190
549 1357 -96.92100 -167.30494 -78.40143 91.48607
550 1359 -96.09587 129.94260 -128.25785 44.81308
551 1364 -10.57998 -14.22551 -87.95011 -41.27098
552 1368 59.69458 -37.50869 34.28493 -138.78905
553 1369 -32.41111 62.72279 -6.88465 -88.58414
554 1371 -110.25740 -73.51937 36.24357 118.11836
555 1376 142.52845 -38.77394 -76.07300 -113.69378
556 1380 15.60477 -39.01785 -91.46945 -58.76658
557 1383 -161.43210 -170.18896 -117.68245 -15.92288
558 1388 -15.80924 179.45435 47.57140 -94.17679
559 1393 -44.45458 -149.98185 -165.44997 -112.24301
560 1398 128.09464 -64.08073 19.46898 -71.26534
561 1403 93.78245 -53.29135 -69.73897 97.37308
562 1405 75.71565 -85.72426 87.49963 126.02938
563 1410 45.31920 -124.97106 56.89433 21.30089
564 1411 67.71926 76.90120 -110.57831 -54.71470
565 1416 108.65944 111.36374 -24.91101 48.81783
566 1420 44.88115 53.54588 -67.99838 152.64020
567 1425 105.34897 136.23656 -56.28520 111.63584
568 1427 84.35386 9.66309 -63.33773 117.97066
569 1430 -58.18535 111.86706 110.71390 121.36104
570 1431 193.68165 -35.13824 -98.93312 9.95837
571 1434 147.73703 -111.97571 -206.50366 -101.40039
572 1439 -3.82472 111.53502 71.75266 31.25835
573 1442 49.20417 45.84061 -184.06657 40.13694
574 1444 136.51954 44.54332 7.21789 117.75891
575 1445 26.16692 -159.84792 -30.24865 -33.46521
576 1446 -9.56977 92.35253 -11.15171 63.30870
577 1450 10.92473 -49.10119 17.99420 -17.40950
578 1454 128.12544 -139.67977 -67.95932 -72.96654
579 1455 44.19679 -31.28085 -20.03910 43.64421
580 1459 -94.11511 117.23263 41.05159 136.84327
581 1464 -53.35412 -144.83484 58.77249 93.55611
582 1465 181.85669 -98.68987 -116.58566 -16.65544
583 1468 13.69920 107.45190 -91.97282 -9.85370
584 1471 -7.49261 8.90734 -131.51000 -102.36241
585 1475 117.61913 78.17080 -121.28816 89.69149
586 1476 25.07936 38.19950 56.10020 131.33705
587 1480 24.63514 -67.19619 -129.34610 -91.83859
588 1481 89.53917 56.96937 -56.74534 20.24394
589 1482 135.89376 25.27658 -137.12178 110.58714
590 1483 53.94319 -96.76988 149.95434 -88.03934
591 1488 55.38577 32.76317 121.57484 -92.08063
592 1492 -66.09985 14.09952 137.76426 69.88328
593 1494 -71.57253 102.46927 119.42318 11.49413
594 1499 65.61455 104.49138 -86.26709 231.00439
595 1501 -68.12973 94.34012 -41.44649 -60.21699
596 1503 -21.06359 12.07774 -44.63885 -39.66772
597 1505 91.86150 125.75542 123.83775 -122.90057
598 1508 -127.70201 -130.12829 60.47921 46.55117
599 1510 21.29295 47.55720 81.81034 -40.50993
