5
50.0
25.0
2000.0
4000.0
0.8
30
0 1801 608.50000 7798.50000 608.80000 7798.80000
1 1802 608.55000 7798.55000 608.85000 7798.85000
2 1803 608.60000 7798.60000 608.90000 7798.90000
3 1804 608.65000 7798.65000 608.95000 7798.95000
4 1805 608.70000 7798.70000 609.00000 7799.00000
5 1806 608.75000 7798.75000 609.05000 7799.05000
6 1807 608.80000 7798.80000 609.10000 7799.10000
7 1808 608.85000 7798.85000 609.15000 7799.15000
8 1809 608.90000 7798.90000 609.20000 7799.20000
9 1810 608.95000 7798.95000 609.25000 7799.25000
10 1811 609.00000 7799.00000 609.30000 7799.30000
11 1812 609.05000 7799.05000 609.35000 7799.35000
12 1813 609.10000 7799.10000 609.40000 7799.40000
13 1814 609.15000 7799.15000 609.45000 7799.45000
14 1815 609.20000 7799.20000 609.50000 7799.50000
15 1816 609.25000 7799.25000 609.55000 7799.55000
16 1817 609.30000 7799.30000 609.60000 7799.60000
17 1818 609.35000 7799.35000 609.65000 7799.65000
18 1819 609.40000 7799.40000 609.70000 7799.70000
19 1820 609.45000 7799.45000 609.75000 7799.75000
20 1821 609.50000 7799.50000 609.80000 7799.80000
21 1822 609.55000 7799.55000 609.85000 7799.85000
22 1823 609.60000 7799.60000 609.90000 7799.90000
23 1824 609.65000 7799.65000 609.95000 7799.95000
24 1825 609.70000 7799.70000 610.00000 7800.00000
25 1826 609.75000 7799.75000 610.05000 7800.05000
26 1827 609.80000 7799.80000 610.10000 7800.10000
27 1828 609.85000 7799.85000 610.15000 7800.15000
28 1829 609.90000 7799.90000 610.20000 7800.20000
29 1830 609.95000 7799.95000 610.25000 7800.25000