0 8 598.84786 7789.96104 598.75687 7789.85527
1 10 611.99281 7800.62069 611.95447 7800.63743
2 16 607.15222 7805.69080 607.24878 7805.66783
3 17 608.43885 7794.22339 608.43609 7794.21754
4 19 612.00284 7800.73428 611.95367 7800.63297
5 20 607.13877 7808.96927 607.10452 7808.88558
6 27 612.57422 7805.19963 612.50781 7805.17457
7 34 603.09828 7829.47585 586.14975 7806.55683
8 41 620.47735 7785.33279 619.80493 7767.25242
9 51 593.97082 7820.76005 578.69221 7827.61574
10 52 598.86968 7777.96696 621.00319 7777.98687
11 53 602.51130 7811.70831 593.92428 7792.70296
12 56 583.52151 7820.47101 609.24516 7828.77609
13 77 597.08312 7813.35559 577.84152 7802.04757
14 80 606.26558 7808.41856 583.59407 7783.52102
15 82 636.54349 7810.97235 597.55946 7825.08901
16 84 644.08220 7817.69885 638.44150 7781.13411
17 86 599.56904 7800.32736 614.50968 7805.50758
18 87 633.10427 7807.07326 609.59740 7825.90571
19 88 605.95939 7796.28273 612.08195 7824.15549
20 100 587.06047 7803.27866 630.77098 7785.81256
21 104 609.51726 7802.63036 596.53289 7806.82850
22 108 590.68708 7811.08485 583.94929 7816.93161
23 111 595.97055 7791.30224 616.43567 7813.11599
24 121 586.56218 7813.22954 598.17912 7785.10733
25 124 587.32925 7778.44337 593.14142 7818.21712
26 125 632.44312 7817.36515 593.24697 7809.38165
27 127 608.69848 7800.13992 604.13473 7767.89299
28 137 582.19691 7796.64186 614.40712 7781.85863
29 153 578.28676 7794.58712 619.03735 7801.43428
30 166 586.84061 7827.40705 589.73843 7792.38265
31 177 602.78774 7793.96522 590.17336 7806.47250
32 178 587.69182 7789.42087 595.58029 7781.05274
33 179 620.59323 7781.96690 594.86779 7777.14497
34 180 628.99821 7805.19681 613.76917 7775.35998
35 183 626.54682 7793.45089 630.49456 7792.20451
36 189 612.40055 7782.24573 606.38758 7820.68347
37 193 583.97241 7810.56213 639.22725 7821.09399
38 198 599.57389 7786.89620 604.28158 7790.70082
39 201 593.17011 7798.05224 589.82498 7785.80821
40 206 613.29375 7777.55956 627.30180 7809.18992
41 214 578.04954 7787.76599 616.76613 7792.03306
42 218 636.48842 7829.25314 584.26453 7817.77267
43 219 587.14550 7788.72626 614.81307 7803.42053
44 222 598.17935 7803.19968 637.64405 7820.78508
45 231 595.96288 7828.24164 619.21314 7790.21252
46 234 579.17377 7787.76510 604.20840 7793.67539
47 238 592.92605 7807.81027 590.99509 7770.72263
48 245 596.90175 7790.09504 572.03390 7790.62579
49 250 630.13055 7792.22589 582.18260 7820.29014
50 256 616.28190 7824.85166 607.85532 7785.77360
51 267 597.39739 7797.60214 631.79034 7807.88067
52 269 625.35130 7777.27019 595.45110 7785.13586
53 270 621.70220 7802.10317 583.14485 7797.12952
54 277 636.40669 7777.38590 611.25953 7804.65604
55 284 624.69294 7783.33176 598.28382 7799.10507
56 291 580.25762 7790.88633 611.74866 7772.94926
57 301 599.58890 7796.55161 578.49353 7801.43777
58 302 631.95448 7816.98597 598.76482 7805.97160
59 303 580.01718 7788.73002 603.15225 7835.87204
60 306 635.87854 7785.87369 612.43204 7815.82751
61 327 616.21041 7785.20624 591.87733 7834.57394
62 330 641.95774 7827.87778 624.16304 7781.29679
63 332 636.33302 7790.65399 619.20477 7792.61588
64 334 593.44687 7773.26702 630.30393 7798.57947
65 336 592.97186 7816.34489 605.82963 7768.95669
66 337 582.92318 7784.06530 625.80093 7822.87317
67 338 634.94796 7796.87101 579.20479 7809.48630
68 350 606.07090 7777.38993 598.85855 7781.58900
69 354 638.50737 7809.40572 625.87437 7776.21475
70 358 620.37909 7793.73787 622.66895 7809.95397
71 361 578.26241 7810.85364 581.33814 7826.96013
72 371 605.21008 7769.27178 618.60943 7805.48362
73 374 590.14225 7793.02220 587.54252 7795.95236
74 375 607.55700 7799.00297 621.02198 7793.83218
75 377 589.56224 7796.07022 613.68480 7778.74394
76 387 635.66308 7781.21517 614.67385 7772.12642
77 403 622.39876 7820.00061 590.29778 7765.93228
78 416 596.31425 7782.15534 623.56114 7828.74160
79 427 582.32455 7794.88815 623.39431 7818.66125
80 428 604.36592 7791.22688 608.79905 7818.05589
81 429 579.58681 7795.92474 597.56914 7766.24727
82 430 587.23694 7804.17656 614.06115 7786.61516
83 433 630.27626 7787.91636 603.91159 7788.62865
84 439 621.17246 7827.89360 630.17037 7797.64488
85 443 611.63123 7824.00030 605.75883 7832.32028
86 448 599.03643 7809.56366 580.52968 7795.47642
87 451 589.36666 7805.03294 586.23060 7796.74677
88 456 610.62317 7808.17218 586.34632 7819.42078
89 464 610.93295 7809.52630 601.69889 7765.47619
90 468 587.30383 7800.72161 610.61764 7807.57020
91 469 613.55635 7761.80945 624.98186 7808.14672
92 472 601.22132 7803.02300 627.13858 7816.75756
93 481 615.52999 7794.68965 634.04730 7827.57603
94 484 596.39800 7782.47976 602.44507 7812.99934
95 488 630.86836 7814.85994 604.15017 7826.19844
96 495 612.97185 7794.41659 626.30215 7778.34369
97 500 579.78020 7800.06103 627.71734 7775.07155
98 510 639.59119 7807.22516 613.40698 7805.72624
99 520 625.21176 7780.25718 601.65227 7764.34053
100 530 502.92713 7854.34100 602.42441 7880.82693
101 533 573.90791 7788.45714 649.31932 7774.46209
102 536 516.65838 7798.22239 595.80909 7775.82757
103 539 590.95488 7752.96130 567.77324 7788.60681
104 542 548.56083 7857.34798 507.45476 7709.71588
105 545 566.57803 7834.62488 671.55546 7712.04664
106 548 570.82440 7883.11765 566.73790 7889.61135
107 551 610.67849 7796.32619 554.16236 7864.46037
108 554 592.10346 7854.42445 523.37570 7872.15963
109 557 517.40699 7839.85038 539.77523 7900.34902
110 560 600.75378 7742.71061 556.07594 7736.05003
111 563 570.56668 7839.66970 586.06707 7876.65826
112 566 667.20031 7813.98429 678.80176 7861.52067
113 569 616.87980 7884.70107 682.64191 7802.68935
114 572 514.73188 7713.59833 550.84052 7755.62551
115 575 699.39701 7774.11761 627.39923 7861.53087
116 578 679.67582 7802.46127 606.48498 7712.10044
117 581 538.52411 7870.90676 626.58009 7737.09516
118 584 530.54053 7753.48588 547.87271 7885.63628
119 587 587.81711 7770.97235 620.39956 7728.98678
120 590 617.42371 7701.01676 624.55043 7723.97556
121 593 586.97872 7888.09000 691.12707 7776.10043
122 596 513.39679 7722.45823 652.97815 7736.88193
123 599 590.43828 7821.49210 692.78106 7743.58565
124 602 652.54766 7790.61031 643.13787 7791.57742
125 605 590.33165 7780.75312 596.48895 7872.45622
126 608 639.51270 7765.40915 694.44786 7732.99349
127 611 530.28239 7868.91726 661.03002 7705.51187
128 614 670.14801 7810.07583 515.19112 7723.68009
129 617 550.27420 7881.47571 529.09681 7761.93743
130 620 569.49799 7893.75394 501.31297 7882.12112
131 623 574.84029 7849.80369 568.64860 7823.49240
132 626 535.42096 7902.29264 603.24942 7853.20893
133 629 531.98426 7763.94621 597.88263 7809.01122
134 632 515.91087 7873.79928 559.16493 7881.00911
135 635 701.92213 7867.84100 635.38495 7734.84063
136 638 696.65791 7898.30838 668.34079 7847.64910
137 641 541.86227 7713.48396 545.93892 7847.61169
138 644 608.86054 7823.37955 667.54581 7777.46033
139 647 617.20698 7894.35822 685.90745 7874.07115
140 650 515.20476 7715.14873 685.42020 7887.04483
141 653 660.91513 7710.04748 637.71217 7877.71322
142 656 651.32015 7829.13273 644.31222 7855.56208
143 659 641.99772 7710.98798 674.86144 7831.30633
144 662 646.13337 7849.56776 595.20121 7729.20999
145 665 675.97633 7814.52237 697.02777 7728.14774
146 668 531.95774 7861.99898 592.50352 7822.50114
147 671 597.93851 7740.33063 581.99159 7823.86942
148 674 573.72814 7790.95718 542.30941 7721.41137
149 677 571.92395 7837.60670 591.98766 7788.76761
150 680 628.84585 7777.10011 521.77322 7779.12669
151 683 597.91736 7734.59820 641.37701 7771.22233
152 686 546.82089 7768.07476 670.15120 7835.08480
153 689 623.89686 7898.13869 597.22675 7777.83573
154 692 540.63223 7831.72047 626.94382 7787.01019
155 695 520.58307 7881.57510 690.35834 7823.24136
156 698 634.80005 7756.69926 703.14057 7830.95859
157 701 579.12294 7811.11119 654.97873 7746.11901
158 704 605.37206 7798.35824 561.89725 7767.74949
159 707 605.84992 7813.20975 519.01960 7718.79978
160 710 571.19095 7820.57474 691.03076 7763.39989
161 713 532.60188 7730.20748 555.16502 7859.70627
162 716 539.34466 7770.37181 572.04265 7779.01486
163 719 613.04976 7811.92869 557.00402 7844.83932
164 722 553.78210 7808.88606 554.02561 7785.40585
165 725 592.20915 7733.42364 581.31968 7751.24178
166 728 681.33798 7872.60219 545.43664 7756.02749
167 731 539.08571 7884.31986 610.67496 7847.48958
168 734 612.88183 7802.26456 620.74351 7770.02339
169 737 525.40614 7839.56380 628.43482 7832.65731
170 740 643.36014 7815.29947 552.08773 7757.47437
171 743 619.03689 7811.59990 583.03834 7854.73171
172 746 661.43816 7695.86845 589.88838 7805.60159
173 749 664.92722 7900.84844 675.81716 7737.10839
174 752 598.68231 7739.02815 592.90416 7897.11862
175 755 626.83239 7858.00852 639.91450 7846.96406
176 758 673.96102 7792.63335 696.88254 7843.36446
177 761 649.54841 7709.42310 623.48417 7755.37654
178 764 613.44214 7728.05234 610.73039 7699.46641
179 767 555.60078 7744.03560 660.51047 7833.55512
180 770 624.95597 7878.33285 516.47563 7878.81198
181 773 692.74033 7721.69715 638.49963 7798.46471
182 776 672.28085 7900.70760 541.97680 7886.39557
183 779 694.43691 7855.86366 511.37988 7793.26959
184 782 694.49633 7895.06558 613.95849 7889.04336
185 785 595.36257 7883.37863 586.56387 7798.77097
186 788 518.81780 7772.15489 520.43123 7702.41657
187 791 564.01777 7726.54037 538.35853 7769.27647
188 794 697.43366 7859.64137 564.16236 7865.17791
189 797 622.88846 7799.74068 645.26361 7848.08760
190 800 534.38353 7724.89059 553.62378 7758.59689
191 803 613.92967 7731.65310 578.49616 7807.02976
192 806 653.12750 7819.41422 701.70905 7825.16055
193 809 657.63652 7789.09430 648.37706 7721.67983
194 812 685.25644 7749.32408 639.54432 7756.54215
195 815 677.11181 7715.68186 655.72532 7851.39740
196 818 522.28309 7840.58005 664.81765 7883.72951
197 821 556.81061 7839.09207 646.24188 7755.40694
198 824 588.34281 7763.00435 621.70689 7808.59465
199 827 580.17016 7852.77373 550.77804 7847.27007
200 830 603.09121 7726.98835 590.79378 7819.11329
201 833 627.82357 7855.22610 591.98620 7872.97877
202 836 513.33592 7760.00576 593.49089 7818.97866
203 839 545.84502 7824.82099 622.47025 7766.04155
204 842 675.26163 7754.68397 657.96007 7794.67417
205 845 636.87396 7825.39858 554.54599 7759.22065
206 848 559.26084 7713.94601 636.03995 7737.14816
207 851 682.93898 7777.31082 645.29749 7752.51954
208 854 568.35746 7820.33387 549.01441 7722.09611
209 857 590.65333 7830.51294 660.30990 7834.80173
210 860 670.62267 7753.49391 647.31567 7700.77504
211 863 528.53480 7758.72688 645.26363 7720.56297
212 866 655.07027 7842.28273 631.75510 7881.07491
213 869 603.89360 7892.68121 684.61897 7836.69026
214 872 644.06597 7759.06414 541.18069 7872.66592
215 875 581.54979 7737.97181 669.10544 7784.53726
216 878 569.52879 7872.82199 706.50752 7766.56346
217 881 695.28094 7757.09596 621.72618 7833.83271
218 884 646.94774 7889.27739 693.67338 7737.06993
219 887 659.02717 7714.10636 515.84601 7827.39161
220 890 566.88564 7769.45159 692.18710 7792.32125
221 893 690.43424 7901.61403 551.11004 7802.10109
222 896 649.20495 7739.86175 608.44724 7816.86304
223 899 607.53157 7784.08939 683.72102 7799.25495
224 902 520.99535 7699.05959 640.74843 7770.42404
225 905 692.03162 7830.37718 593.53440 7854.57562
226 908 527.71733 7749.61500 559.41637 7782.70394
227 911 650.96065 7737.60850 666.08095 7889.85016
228 914 565.70701 7720.74124 590.83923 7852.44624
229 917 676.42031 7799.93424 631.18475 7874.37639
230 920 566.67450 7861.73129 702.64055 7840.89883
231 923 548.08721 7753.31385 710.65090 7796.93339
232 926 503.18889 7767.68386 580.25536 7853.17515
233 929 619.69350 7900.38639 556.95063 7856.88069
234 932 593.64894 7892.16865 577.65691 7855.83730
235 935 526.00028 7700.95026 624.27814 7743.15400
236 938 698.93380 7731.45573 700.65309 7859.45904
237 941 511.16262 7869.97262 597.03462 7771.17823
238 944 612.90998 7725.45635 674.09766 7815.45476
239 947 650.77110 7897.16739 638.52446 7744.97408
240 950 651.40004 7722.57408 620.84230 7802.94349
241 953 602.84531 7808.13568 568.64068 7799.50783
242 956 639.85587 7853.60804 518.00078 7745.10839
243 959 661.89695 7866.63841 566.93591 7797.39716
244 962 559.52536 7794.61542 524.75457 7732.40749
245 965 547.95355 7839.51087 572.03711 7761.50150
246 968 669.19549 7751.91063 626.84456 7748.31403
247 971 676.90830 7831.89229 622.59075 7729.88595
248 974 555.55427 7756.45096 525.33406 7794.00903
249 977 514.66210 7878.90366 523.39147 7734.15623
