2
55.0
25.0
1800.0
3200.0
0.6
12
0 701 612.00000 7800.00000 612.10000 7800.10000
1 702 612.02000 7800.02000 612.12000 7800.12000
2 703 612.04000 7800.04000 612.14000 7800.14000
3 704 612.06000 7800.06000 612.16000 7800.16000
4 705 612.08000 7800.08000 612.18000 7800.18000
5 706 612.10000 7800.10000 612.20000 7800.20000
6 707 612.12000 7800.12000 612.22000 7800.22000
7 708 612.14000 7800.14000 612.24000 7800.24000
8 709 612.16000 7800.16000 612.26000 7800.26000
9 710 612.18000 7800.18000 612.28000 7800.28000
10 711 612.20000 7800.20000 612.30000 7800.30000
11 712 612.22000 7800.22000 612.32000 7800.32000