4
50.0
20.0
1500.0
3500.0
0.4
15
0 1201 602.50000 7790.50000 602.80000 7790.80000
1 1202 602.60000 7790.60000 602.90000 7790.90000
2 1203 602.70000 7790.70000 603.00000 7791.00000
3 1204 602.80000 7790.80000 603.10000 7791.10000
4 1205 602.90000 7790.90000 603.20000 7791.20000
5 1206 603.50000 7791.50000 603.80000 7791.80000
6 1207 603.60000 7791.60000 603.90000 7791.90000
7 1208 603.70000 7791.70000 604.00000 7792.00000
8 1209 603.80000 7791.80000 604.10000 7792.10000
9 1210 603.90000 7791.90000 604.20000 7792.20000
10 1211 604.50000 7792.50000 604.80000 7792.80000
11 1212 604.60000 7792.60000 604.90000 7792.90000
12 1213 604.70000 7792.70000 605.00000 7793.00000
13 1214 604.80000 7792.80000 605.10000 7793.10000
14 1215 604.90000 7792.90000 605.20000 7793.20000
