3
45.0
50.0
1000.0
2000.0
0.2
20
0 1301 609.00000 7799.00000 609.10000 7799.10000
1 1302 609.05000 7799.05000 609.15000 7799.15000
2 1303 609.10000 7799.10000 609.20000 7799.20000
3 1304 609.15000 7799.15000 609.25000 7799.25000
4 1305 609.20000 7799.20000 609.30000 7799.30000
5 1306 609.25000 7799.25000 609.35000 7799.35000
6 1307 609.30000 7799.30000 609.40000 7799.40000
7 1308 609.35000 7799.35000 609.45000 7799.45000
8 1309 609.40000 7799.40000 609.50000 7799.50000
9 1310 609.45000 7799.45000 609.55000 7799.55000
10 1311 610.00000 7800.00000 610.10000 7800.10000
11 1312 0
28 18296.55000 606.6ntradas-saidas."610.05000 000
14 1315 610.20000 7800.20000 610.30000 7800.30000
15 1316 610.25000 7800.25000 610.35000 7800.35000
16 1317 610.30000 7800.30000 610.40000 7800.40000
17 1318 610.35000 7800.35000 610.45000 7800.45000
18 1319 610.40000 7800.40000 610.50000 7800.50000
19 1320 610.45000 7800.45000 610.55000 7800.55000
