3
30.0
40.0
1200.0
2800.0
0.4
18
0 601 600.00000 7789.00000 600.10000 7789.10000
1 602 600.05000 7789.05000 600.15000 7789.15000
2 603 600.10000 7789.10000 600.20000 7789.20000
3 604 600.15000 7789.15000 600.25000 7789.25000
4 605 600.20000 7789.20000 600.30000 7789.30000
5 606 600.25000 7789.25000 600.35000 7789.35000
6 607 600.30000 7789.30000 600.40000 7789.40000
7 608 600.35000 7789.35000 600.45000 7789.45000
8 609 600.40000 7789.40000 600.50000 7789.50000
9 610 600.45000 7789.45000 600.55000 7789.55000
10 611 601.00000 7790.00000 601.10000 7790.10000
11 612 601.05000 7790.05000 601.15000 7790.15000
12 613 601.10000 7790.10000 601.20000 7790.20000
13 614 601.15000 7790.15000 601.25000 7790.25000
14 615 601.20000 7790.20000 601.30000 7790.30000
15 616 601.25000 7790.25000 601.35000 7790.35000
16 617 601.30000 7790.30000 601.40000 7790.40000
17 618 601.35000 7790.35000 601.45000 7790.45000