4
40.0
60.0
1200.0
2800.0
0.5
18
0 1601 605.00000 7795.00000 605.10000 7795.10000
1 1602 605.05000 7795.05000 605.15000 7795.15000
2 1603 605.10000 7795.10000 605.20000 7795.20000
3 1604 605.15000 7795.15000 605.25000 7795.25000
4 1605 605.20000 7795.20000 605.30000 7795.30000
5 1606 605.25000 7795.25000 605.35000 7795.35000
6 1607 606.00000 7796.00000 606.10000 7796.10000
7 1608 606.05000 7796.05000 606.15000 7796.15000
8 1609 606.10000 7796.10000 606.20000 7796.20000
9 1610 606.15000 7796.15000 606.25000 7796.25000
10 1611 606.20000 7796.20000 606.30000 7796.30000
11 1612 606.25000 7796.25000 606.35000 7796.35000
12 1613 607.00000 7797.00000 607.10000 7797.10000
13 1614 607.05000 7797.05000 607.15000 7797.15000
14 1615 607.10000 7797.10000 607.20000 7797.20000
15 1616 607.15000 7797.15000 607.25000 7797.25000
16 1617 607.20000 7797.20000 607.30000 7797.30000
17 1618 607.25000 7797.25000 607.35000 7797.35000