2
40.0
60.0
1000.0
2500.0
0.5
15
0 101 605.50000 7795.00000 605.60000 7795.10000
1 102 605.55000 7795.05000 605.65000 7795.15000
2 103 605.40000 7794.90000 605.70000 7795.20000
3 104 606.00000 7795.50000 606.10000 7795.60000
4 105 606.05000 7795.55000 606.15000 7795.65000
5 106 605.80000 7795.30000 606.20000 7795.70000
6 107 605.10000 7794.60000 605.20000 7794.70000
7 108 605.15000 7794.65000 605.25000 7794.75000
8 109 605.00000 7794.50000 605.30000 7794.80000
9 110 604.50000 7794.00000 604.60000 7794.10000
10 111 604.55000 7794.05000 604.65000 7794.15000
11 112 604.40000 7793.90000 604.70000 7794.20000
12 113 604.00000 7793.50000 604.10000 7793.60000
13 114 604.05000 7793.55000 604.15000 7793.65000
14 115 603.90000 7793.40000 604.20000 7793.70000