2
30.0
30.0
800.0
1800.0
0.7
10
0 1101 608.10000 7798.10000 608.20000 7798.20000
1 1102 608.15000 7798.15000 608.25000 7798.25000
2 1103 608.20000 7798.20000 608.30000 7798.30000
3 1104 608.25000 7798.25000 608.35000 7798.35000
4 1105 608.30000 7798.30000 608.40000 7798.40000
5 1106 607.80000 7797.80000 607.90000 7797.90000
6 1107 607.85000 7797.85000 607.95000 7797.95000
7 1108 607.90000 7797.90000 608.00000 7798.00000
8 1109 607.95000 7797.95000 608.05000 7798.05000
9 1110 608.00000 7798.00000 608.10000 7798.10000
