0 8 598.84786 7789.96104 598.75687 7789.85527
1 10 611.99281 7800.62069 611.95447 7800.63743
2 16 607.15222 7805.69080 607.24878 7805.66783
3 17 608.43885 7794.22339 608.43609 7794.21754
4 19 612.00284 7800.73428 611.95367 7800.63297
5 20 607.13877 7808.96927 607.10452 7808.88558
6 27 612.57422 7805.19963 612.50781 7805.17457
7 34 587.37330 7845.52089 563.92726 7812.53321
8 41 617.54699 7794.63926 619.44033 7766.19296
9 51 620.10226 7839.07378 566.20350 7817.70512
10 52 612.11024 7783.74655 644.38225 7802.04402
11 53 628.77543 7819.18803 598.89144 7777.67694
12 56 557.43647 7825.29981 609.08979 7813.69381
13 77 613.56371 7834.07124 590.69346 7780.71885
14 80 635.99370 7836.79963 584.55969 7801.62503
15 82 646.25357 7834.04924 618.50695 7795.83274
16 84 642.62009 7818.91445 643.86340 7773.01055
17 86 610.92267 7796.21016 635.56718 7813.70631
18 87 622.21907 7812.30375 598.48507 7824.42777
19 88 622.42226 7794.74277 605.68919 7816.90287
20 100 600.49247 7783.00731 645.54127 7796.72440
21 104 614.58478 7773.01120 618.78553 7811.06480
22 108 603.83169 7831.69140 605.18614 7813.40044
23 111 594.71627 7806.95657 620.77744 7830.09746
24 121 607.28339 7838.46701 619.33296 7795.24089
25 124 615.58523 7778.13439 616.25100 7807.13655
26 125 649.82807 7828.76513 620.30268 7804.88836
27 127 606.23413 7777.27359 618.58408 7773.59278
28 137 582.13845 7775.54219 595.99738 7753.59835
29 153 589.90847 7769.14020 625.57115 7811.64582
30 166 572.87072 7824.89524 569.30298 7820.78124
31 177 621.19849 7799.26702 578.38459 7793.50956
32 178 562.95506 7803.74995 598.53541 7777.43283
33 179 608.06996 7810.26700 581.55683 7757.60829
34 180 650.59756 7785.70387 635.44857 7751.02114
35 183 638.16986 7779.40294 611.70771 7816.88870
36 189 620.82616 7781.74608 604.04022 7797.18672
37 193 606.76254 7796.60497 658.66388 7845.59419
38 198 573.24278 7791.02090 630.74646 7809.44607
39 201 614.93337 7816.68063 610.88789 7782.95376
40 206 641.02649 7791.02906 656.70050 7830.18618
41 214 605.10940 7761.38771 610.75372 7796.10002
42 218 613.99323 7844.63129 575.64797 7841.82017
43 219 612.08435 7797.51017 622.51045 7820.06199
44 222 619.22302 7829.38709 626.80573 7846.49423
45 231 617.16208 7822.62801 616.23544 7793.14050
46 234 584.15260 7816.78603 580.74360 7796.03561
47 238 571.93831 7796.55421 618.60459 7748.79038
48 245 625.86121 7762.56765 590.43068 7819.75222
49 250 646.80849 7791.07651 597.33308 7804.36825
50 256 620.73359 7827.97738 629.61909 7779.48405
51 267 621.01953 7768.07372 614.94056 7813.61765
52 269 612.19358 7748.50107 607.94256 7776.10680
53 270 629.15380 7797.42113 569.22791 7826.12357
54 277 624.45557 7804.93137 600.34560 7807.80348
55 284 611.52499 7788.88951 588.64283 7822.01793
56 291 560.89445 7820.19362 600.78924 7771.76233
57 301 605.73802 7795.89894 603.76297 7794.23267
58 302 642.79341 7831.47265 603.46411 7820.68021
59 303 570.17198 7770.77743 621.16162 7806.49786
60 306 638.33499 7790.00101 625.12690 7825.18579
61 327 600.61875 7764.96571 597.47227 7832.26464
62 330 650.83316 7816.59469 597.68742 7806.10158
63 332 645.90459 7781.11811 641.67899 7810.71881
64 334 598.73545 7774.83465 651.53124 7775.97954
65 336 600.32442 7841.05733 584.75551 7776.72897
66 337 554.07702 7807.37063 628.09812 7820.98503
67 338 632.52327 7795.54286 576.68928 7830.67116
68 350 587.65818 7779.30183 591.57220 7763.08893
69 354 633.34360 7789.16681 601.88207 7754.36414
70 358 600.33732 7766.84702 642.79235 7832.74969
71 361 553.68658 7815.82039 597.10461 7820.30775
72 371 633.47188 7757.22928 595.67367 7820.06885
73 374 589.18605 7805.24535 615.05483 7780.06189
74 375 628.96634 7802.52675 596.22257 7793.69755
75 377 617.48470 7769.55517 607.45571 7759.74077
76 387 654.25807 7787.41033 586.73215 7776.59890
77 403 616.85560 7837.62313 596.81357 7737.09737
78 416 574.74244 7769.60099 611.48126 7846.02063
79 427 552.50300 7809.55119 608.77627 7794.02599
80 428 610.63055 7789.62302 637.69000 7816.82057
81 429 600.84958 7766.05924 599.82722 7784.46016
82 430 581.23040 7829.19123 626.03512 7801.65057
83 433 625.92970 7759.51730 587.91367 7815.54760
84 439 631.16168 7839.47972 657.21423 7800.96781
85 443 599.78963 7822.09033 581.55574 7815.73670
86 448 598.63880 7832.67400 609.48126 7823.43373
87 451 584.05176 7800.04525 596.49406 7813.60347
88 456 604.21137 7814.56833 590.98623 7848.12778
89 464 605.91904 7796.69098 610.48007 7777.59383
90 468 615.13999 7806.38109 598.42185 7808.53331
91 469 615.45879 7783.25925 639.42807 7789.71003
92 472 628.31223 7788.86332 607.25307 7803.60749
93 481 586.04227 7811.82562 649.42073 7824.19252
94 484 608.07684 7805.47944 587.25721 7789.43856
95 488 611.30650 7785.60906 597.28462 7807.06739
96 495 613.70766 7820.67972 640.26370 7753.54667
97 500 569.62316 7804.35594 608.16810 7791.06762
98 510 668.96130 7804.36155 594.43621 7785.30868
99 520 646.47059 7779.10767 572.91847 7742.65633
