4
60.0
30.0
1500.0
3500.0
0.0
30
0 301 602.00000 7790.00000 602.10000 7790.10000
1 302 602.05000 7790.05000 602.15000 7790.15000
2 303 601.95000 7789.95000 602.20000 7790.20000
3 304 602.50000 7790.50000 602.60000 7790.60000
4 305 602.55000 7790.55000 602.65000 7790.65000
5 306 602.45000 7790.45000 602.70000 7790.70000
6 307 603.00000 7791.00000 603.10000 7791.10000
7 308 603.05000 7791.05000 603.15000 7791.15000
8 309 602.95000 7790.95000 603.20000 7791.20000
9 310 603.50000 7791.50000 603.60000 7791.60000
10 311 603.55000 7791.55000 603.65000 7791.65000
11 312 603.45000 7791.45000 603.70000 7791.70000
12 313 604.00000 7792.00000 604.10000 7792.10000
13 314 604.05000 7792.05000 604.15000 7792.15000
14 315 603.95000 7791.95000 604.20000 7792.20000
15 316 604.50000 7792.50000 604.60000 7792.60000
16 317 604.55000 7792.55000 604.65000 7792.65000
17 318 604.45000 7792.45000 604.70000 7792.70000
18 319 605.00000 7793.00000 605.10000 7793.10000
19 320 605.05000 7793.05000 605.15000 7793.15000
20 321 604.95000 7792.95000 605.20000 7793.20000
21 322 605.50000 7793.50000 605.60000 7793.60000
22 323 605.55000 7793.55000 605.65000 7793.65000
23 324 605.45000 7793.45000 605.70000 7793.70000
24 325 606.00000 7794.00000 606.10000 7794.10000
25 326 606.05000 7794.05000 606.15000 7794.15000
26 327 605.95000 7793.95000 606.20000 7794.20000
27 328 606.50000 7794.50000 606.60000 7794.60000
28 329 606.55000 7794.55000 606.65000 7794.65000
29 330 606.45000 7794.45000 606.70000 7794.70000