3
48.0
38.0
1500.0
3000.0
0.1
48
0 901 600.12345 7790.98765 600.23456 7790.87654
1 902 600.15000 7790.95000 600.26000 7790.84000
2 903 600.17000 7790.93000 600.28000 7790.82000
3 904 600.19000 7790.91000 600.30000 7790.80000
4 905 600.21000 7790.89000 600.32000 7790.78000
5 906 600.23000 7790.87000 600.34000 7790.76000
6 907 600.25000 7790.85000 600.36000 7790.74000
7 908 600.27000 7790.83000 600.38000 7790.72000
8 909 600.29000 7790.81000 600.40000 7790.70000
9 910 600.31000 7790.79000 600.42000 7790.68000
10 911 601.12345 7791.98765 601.23456 7791.87654
11 912 601.15000 7791.95000 601.26000 7791.84000
12 913 601.17000 7791.93000 601.28000 7791.82000
13 914 601.19000 7791.91000 601.30000 7791.80000
14 915 601.21000 7791.89000 601.32000 7791.78000
15 916 601.23000 7791.87000 601.34000 7791.76000
16 917 601.25000 7791.85000 601.36000 7791.74000
17 918 601.27000 7791.83000 601.38000 7791.72000
18 919 601.29000 7791.81000 601.40000 7791.70000
19 920 601.31000 7791.79000 601.42000 7791.68000
20 921 602.12345 7792.98765 602.23456 7792.87654
21 922 602.15000 7792.95000 602.26000 7792.84000
22 923 602.17000 7792.93000 602.28000 7792.82000
23 924 602.19000 7792.91000 602.30000 7792.80000
24 925 602.21000 7792.89000 602.32000 7792.78000
25 926 602.23000 7792.87000 602.34000 7792.76000
26 927 602.25000 7792.85000 602.36000 7792.74000
27 928 602.27000 7792.83000 602.38000 7792.72000
28 929 602.29000 7792.81000 602.40000 7792.70000
29 930 602.31000 7792.79000 602.42000 7792.68000
30 931 603.12345 7793.98765 603.23456 7793.87654
31 932 603.15000 7793.95000 603.26000 7793.84000
32 933 603.17000 7793.93000 603.28000 7793.82000
33 934 603.19000 7793.91000 603.30000 7793.80000
34 935 603.21000 7793.89000 603.32000 7793.78000
35 936 603.23000 7793.87000 603.34000 7793.76000
36 937 603.25000 7793.85000 603.36000 7793.74000
37 938 603.27000 7793.83000 603.38000 7793.72000
38 939 603.29000 7793.81000 603.40000 7793.70000
39 940 603.31000 7793.79000 603.42000 7793.68000
40 941 604.12345 7794.98765 604.23456 7794.87654
41 942 604.15000 7794.95000 604.26000 7794.84000
42 943 604.17000 7794.93000 604.28000 7794.82000
43 944 604.19000 7794.91000 604.30000 7794.80000
44 945 604.21000 7794.89000 604.32000 7794.78000
45 946 604.23000 7794.87000 604.34000 7794.76000
46 947 604.25000 7794.85000 604.36000 7794.74000
47 948 604.27000 7794.83000 604.38000 7794.72000