5
45.0
20.0
500.0
1000.0
0.9
20
0 501 607.50000 7797.50000 607.55000 7797.55000
1 502 607.51000 7797.51000 607.56000 7797.56000
2 503 607.52000 7797.52000 607.57000 7797.57000
3 504 607.53000 7797.53000 607.58000 7797.58000
4 505 607.54000 7797.54000 607.59000 7797.59000
5 506 607.55000 7797.55000 607.60000 7797.60000
6 507 607.56000 7797.56000 607.61000 7797.61000
7 508 607.57000 7797.57000 607.62000 7797.62000
8 509 607.58000 7797.58000 607.63000 7797.63000
9 510 607.59000 7797.59000 607.64000 7797.64000
10 511 607.60000 7797.60000 607.65000 7797.65000
11 512 607.61000 7797.61000 607.66000 7797.66000
12 513 607.62000 7797.62000 607.67000 7797.67000
13 514 607.63000 7797.63000 607.68000 7797.68000
14 515 607.64000 7797.64000 607.69000 7797.69000
15 516 607.65000 7797.65000 607.70000 7797.70000
16 517 607.66000 7797.66000 607.71000 7797.71000
17 518 607.67000 7797.67000 607.72000 7797.72000
18 519 607.68000 7797.68000 607.73000 7797.73000
19 520 607.69000 7797.69000 607.74000 7797.74000